event_uptime:
  end: 1690337194.5018752
  start: 1690337127.9529006
