event_sleeping:
  end: 1690337127.9504201
  start: 1690337127.9504163
