event_sleeping:
  end: 1690337127.9500775
  start: 1690337127.9500656
