event_uptime:
  end: 1690337530.8583493
  start: 1690337127.9530504
