event_uptime:
  end: 1690337530.7504594
  start: 1690337127.955904
