event_sleeping:
  end: 1690337127.9523702
  start: 1690337127.9523664
