event_uptime:
  end: 1690337666.9541972
  start: 1690337127.9584072
