event_sleeping:
  end: 1690337127.951041
  start: 1690337127.9510374
