event_sleeping:
  end: 1690337127.9524193
  start: 1690337127.9524152
