event_uptime:
  end: 1690337666.9380744
  start: 1690337127.9528005
