event_uptime:
  end: 1690337430.0300927
  start: 1690337127.9529767
