event_uptime:
  end: 1690337430.0941825
  start: 1690337127.9563818
