event_sleeping:
  end: 1690337127.9522374
  start: 1690337127.9522336
