event_sleeping:
  end: 1690337127.950286
  start: 1690337127.950282
