event_sleeping:
  end: 1690546648.257111
  start: 1690546648.2570982
