event_sleeping:
  end: 1690546648.2272556
  start: 1690546648.2268922
