event_sleeping:
  end: 1690546648.2237055
  start: 1690546648.223691
