event_sleeping:
  end: 1690546648.2280445
  start: 1690546648.2278867
