event_sleeping:
  end: 1690546648.2563417
  start: 1690546648.256329
