event_sleeping:
  end: 1690546648.2574184
  start: 1690546648.2574031
