event_sleeping:
  end: 1690546648.22802
  start: 1690546648.2280047
