event_sleeping:
  end: 1690546648.2577877
  start: 1690546648.2577682
