event_sleeping:
  end: 1690546648.226611
  start: 1690546648.2265952
