event_sleeping:
  end: 1690546648.2566419
  start: 1690546648.2566183
