event_sleeping:
  end: 1690546648.2511566
  start: 1690546648.251098
