event_sleeping:
  end: 1690336537.703775
  start: 1690336537.703773
