event_uptime:
  end: 1690336608.9821408
  start: 1690336537.705337
