event_sleeping:
  end: 1690336537.703893
  start: 1690336537.703891
