event_uptime:
  end: 1690336960.5042365
  start: 1690336537.7058308
