event_sleeping:
  end: 1690336537.7041378
  start: 1690336537.7041357
