event_uptime:
  end: 1690337096.6003377
  start: 1690336537.7078772
