event_uptime:
  end: 1690336855.9835649
  start: 1690336537.7059278
