event_sleeping:
  end: 1690336537.7040367
  start: 1690336537.7040348
