event_uptime:
  end: 1690633645.4411173
  start: 1690633578.39603
