event_sleeping:
  end: 1690633578.3938887
  start: 1690633578.3938754
