event_uptime:
  end: 1690633981.76552
  start: 1690633578.4355571
