event_sleeping:
  end: 1690633578.3994107
  start: 1690633578.399396
