event_sleeping:
  end: 1690633578.4742165
  start: 1690633578.4742017
