event_sleeping:
  end: 1690633578.3991573
  start: 1690633578.3991408
