event_sleeping:
  end: 1690633578.4322581
  start: 1690633578.432243
