event_uptime:
  end: 1690633981.6830459
  start: 1690633578.4703135
