event_uptime:
  end: 1690633981.8029087
  start: 1690633578.3939145
