event_uptime:
  end: 1690633981.755654
  start: 1690633578.4362779
