event_uptime:
  end: 1690633981.7912743
  start: 1690633578.5106359
