event_sleeping:
  end: 1690633578.3887842
  start: 1690633578.388768
