event_sleeping:
  end: 1690633578.473165
  start: 1690633578.4731476
