event_uptime:
  end: 1690634117.8671544
  start: 1690633578.3995135
