event_sleeping:
  end: 1690633578.3951604
  start: 1690633578.3951468
