event_sleeping:
  end: 1690633578.391278
  start: 1690633578.391256
