event_uptime:
  end: 1690634117.8984647
  start: 1690633578.3970935
