event_uptime:
  end: 1690634117.8350458
  start: 1690633578.5173502
