event_sleeping:
  end: 1690633578.3975317
  start: 1690633578.39751
