event_uptime:
  end: 1690634117.882904
  start: 1690633578.3957696
