event_uptime:
  end: 1690634117.9190004
  start: 1690633578.434715
