event_sleeping:
  end: 1690633578.3996792
  start: 1690633578.3996606
