event_sleeping:
  end: 1690633578.4932268
  start: 1690633578.4932106
