event_sleeping:
  end: 1690633578.3970757
  start: 1690633578.397031
