event_uptime:
  end: 1690633881.0578723
  start: 1690633578.3987927
