event_sleeping:
  end: 1690633578.389726
  start: 1690633578.389713
