event_sleeping:
  end: 1690633578.3989816
  start: 1690633578.3989666
