event_uptime:
  end: 1690633881.03879
  start: 1690633578.5613074
