event_sleeping:
  end: 1690633578.3991833
  start: 1690633578.3986251
