event_uptime:
  end: 1690633881.0309758
  start: 1690633578.3966248
