event_uptime:
  end: 1690633880.9909928
  start: 1690633578.435744
