event_uptime:
  end: 1690633881.0504758
  start: 1690633578.4004276
