event_sleeping:
  end: 1690402198.149597
  start: 1690402198.1495829
