event_sleeping:
  end: 1690402198.2553177
  start: 1690402198.2553043
