event_sleeping:
  end: 1690402198.105001
  start: 1690402198.1049867
