event_sleeping:
  end: 1690402198.4297464
  start: 1690402198.4297342
