event_sleeping:
  end: 1690402198.6104078
  start: 1690402198.6103938
