event_sleeping:
  end: 1690402198.3172045
  start: 1690402198.317162
