event_sleeping:
  end: 1690402198.58563
  start: 1690402198.585613
