event_sleeping:
  end: 1690402198.3809073
  start: 1690402198.3682158
