event_sleeping:
  end: 1690402198.6477895
  start: 1690402198.6477673
