event_sleeping:
  end: 1690402198.630293
  start: 1690402198.6302779
