event_sleeping:
  end: 1690402198.148406
  start: 1690402198.1483681
