event_sleeping:
  end: 1690402198.103283
  start: 1690402198.103269
