event_sleeping:
  end: 1690402198.319047
  start: 1690402198.3190331
