event_sleeping:
  end: 1690402198.5918205
  start: 1690402198.5918083
