event_sleeping:
  end: 1690402198.6858237
  start: 1690402198.6858099
