event_sleeping:
  end: 1690402198.252284
  start: 1690402198.2522557
