event_sleeping:
  end: 1690402198.4255526
  start: 1690402198.4255383
