event_sleeping:
  end: 1690402198.3673942
  start: 1690402198.3673816
