event_sleeping:
  end: 1690402198.5423477
  start: 1690402198.5423095
