event_sleeping:
  end: 1690402198.2799387
  start: 1690402198.2798767
