event_sleeping:
  end: 1690402198.5478745
  start: 1690402198.54786
