event_sleeping:
  end: 1690402198.6114235
  start: 1690402198.6114023
