event_sleeping:
  end: 1690402198.1038322
  start: 1690402198.1038184
