event_sleeping:
  end: 1690402198.175437
  start: 1690402198.1753755
