event_sleeping:
  end: 1690402198.6528165
  start: 1690402198.6528015
