event_sleeping:
  end: 1690402198.7067263
  start: 1690402198.706711
