event_sleeping:
  end: 1690402198.3683836
  start: 1690402198.3683696
