event_sleeping:
  end: 1690402198.1028762
  start: 1690402198.102858
