event_sleeping:
  end: 1690402198.3419425
  start: 1690402198.3419268
