event_sleeping:
  end: 1690402198.2996874
  start: 1690402198.2996695
