event_sleeping:
  end: 1690402198.5884926
  start: 1690402198.5884333
