event_sleeping:
  end: 1690402198.3643587
  start: 1690402198.3643436
