event_sleeping:
  end: 1690402198.7711508
  start: 1690402198.771135
