event_sleeping:
  end: 1690402198.6840253
  start: 1690402198.6840043
