event_sleeping:
  end: 1690402198.5229216
  start: 1690402198.5229058
