event_sleeping:
  end: 1690402198.4269662
  start: 1690402198.4269457
