event_sleeping:
  end: 1690402198.6264424
  start: 1690402198.6264145
