event_sleeping:
  end: 1690402198.1092675
  start: 1690402198.1092503
