event_sleeping:
  end: 1690402198.2167926
  start: 1690402198.2167795
