event_sleeping:
  end: 1690402198.4301481
  start: 1690402198.4301264
