event_sleeping:
  end: 1690402198.2967944
  start: 1690402198.2967758
