event_sleeping:
  end: 1690402198.5214822
  start: 1690402198.5214677
