event_sleeping:
  end: 1690402198.588178
  start: 1690402198.588156
