event_sleeping:
  end: 1690402198.6130226
  start: 1690402198.613004
