event_sleeping:
  end: 1690402198.3227377
  start: 1690402198.3227243
