event_sleeping:
  end: 1690402198.7706137
  start: 1690402198.7705965
