event_sleeping:
  end: 1690474477.9447265
  start: 1690474477.9447215
