event_sleeping:
  end: 1690474477.946537
  start: 1690474477.9465237
