event_sleeping:
  end: 1690474477.945147
  start: 1690474477.9451306
