event_sleeping:
  end: 1690474477.945479
  start: 1690474477.9454613
