event_sleeping:
  end: 1690597190.692614
  start: 1690597190.6925998
