event_sleeping:
  end: 1690597190.7434952
  start: 1690597190.7434816
