event_sleeping:
  end: 1690597190.6956923
  start: 1690597190.6956775
