event_sleeping:
  end: 1690597190.701446
  start: 1690597190.7014332
