event_sleeping:
  end: 1690597190.7019167
  start: 1690597190.7018762
