event_sleeping:
  end: 1690597190.6982498
  start: 1690597190.6982372
