event_sleeping:
  end: 1690597190.7232854
  start: 1690597190.7232668
