event_sleeping:
  end: 1690597190.69982
  start: 1690597190.6998036
