event_sleeping:
  end: 1690597190.785296
  start: 1690597190.7852824
