event_sleeping:
  end: 1690597190.7235756
  start: 1690597190.7235265
