event_sleeping:
  end: 1690597190.6973603
  start: 1690597190.697347
