event_sleeping:
  end: 1690597190.6938636
  start: 1690597190.693851
