event_sleeping:
  end: 1690473438.338158
  start: 1690473438.3381453
