event_uptime:
  end: 1690473549.1598473
  start: 1690473438.3408642
