event_sleeping:
  end: 1690473438.3375468
  start: 1690473438.3375337
