event_uptime:
  end: 1690473542.9829092
  start: 1690473438.340552
