event_sleeping:
  end: 1690473438.3407772
  start: 1690473438.340764
