event_uptime:
  end: 1690473552.9474242
  start: 1690473438.3429697
