event_sleeping:
  end: 1690473438.3416622
  start: 1690473438.3416493
