event_uptime:
  end: 1690473546.0887008
  start: 1690473438.3440557
