event_sleeping:
  end: 1690473438.342803
  start: 1690473438.342789
