event_uptime:
  end: 1690473592.6317916
  start: 1690473438.3717046
