event_sleeping:
  end: 1690473438.3403091
  start: 1690473438.3402958
