event_uptime:
  end: 1690473478.3616285
  start: 1690473438.3428593
