event_sleeping:
  end: 1690473438.3373284
  start: 1690473438.3373115
