event_uptime:
  end: 1690473504.6266394
  start: 1690473438.3410008
