event_uptime:
  end: 1690568732.1650908
  start: 1690568662.7027063
