event_sleeping:
  end: 1690568662.6983619
  start: 1690568662.698348
