event_uptime:
  end: 1690568721.8703673
  start: 1690568662.7374718
