event_sleeping:
  end: 1690568662.704684
  start: 1690568662.7046707
