event_sleeping:
  end: 1690568662.7001631
  start: 1690568662.700149
