event_uptime:
  end: 1690568739.4426343
  start: 1690568662.7034345
