event_sleeping:
  end: 1690568662.7036986
  start: 1690568662.7036839
