event_uptime:
  end: 1690568728.0311286
  start: 1690568662.7218235
