event_sleeping:
  end: 1690568662.6990833
  start: 1690568662.6990707
