event_uptime:
  end: 1690568749.9276528
  start: 1690568662.702333
