event_sleeping:
  end: 1690568662.7027972
  start: 1690568662.7023108
