event_uptime:
  end: 1690568721.5348158
  start: 1690568662.705305
