event_sleeping:
  end: 1690568662.7264357
  start: 1690568662.726422
