event_uptime:
  end: 1690568729.0151925
  start: 1690568662.757093
