event_sleeping:
  end: 1690568662.7408676
  start: 1690568662.7408504
