event_uptime:
  end: 1690568731.0346885
  start: 1690568662.787896
