event_uptime:
  end: 1690568718.342903
  start: 1690568662.8034685
