event_sleeping:
  end: 1690568662.7732618
  start: 1690568662.7732236
