event_sleeping:
  end: 1690568662.8078501
  start: 1690568662.807824
