event_uptime:
  end: 1690568744.4909775
  start: 1690568662.8351505
