event_sleeping:
  end: 1690568662.6967235
  start: 1690568662.6967103
