event_uptime:
  end: 1690568674.7445762
  start: 1690568662.7005205
