event_sleeping:
  end: 1690568662.7019598
  start: 1690568662.7019458
