event_uptime:
  end: 1690568695.323923
  start: 1690568662.704414
