event_uptime:
  end: 1690570974.3359227
  start: 1690570863.4926045
