event_sleeping:
  end: 1690570863.4692302
  start: 1690570863.4692178
