event_sleeping:
  end: 1690570863.4696248
  start: 1690570863.4696105
