event_uptime:
  end: 1690570968.1447406
  start: 1690570863.4883523
