event_uptime:
  end: 1690570978.1194735
  start: 1690570863.4727452
