event_sleeping:
  end: 1690570863.4694908
  start: 1690570863.469477
