event_uptime:
  end: 1690570971.2035563
  start: 1690570863.5222383
