event_sleeping:
  end: 1690570863.4707754
  start: 1690570863.4707627
