event_uptime:
  end: 1690571017.7726064
  start: 1690570863.509901
