event_sleeping:
  end: 1690570863.4729762
  start: 1690570863.4729633
