event_uptime:
  end: 1690570903.5275981
  start: 1690570863.4732542
