event_sleeping:
  end: 1690570863.4693701
  start: 1690570863.4693577
