event_uptime:
  end: 1690570929.780525
  start: 1690570863.5085063
