event_sleeping:
  end: 1690570863.46892
  start: 1690570863.4689016
