event_sleeping:
  end: 1690638494.8191738
  start: 1690638494.8191671
