event_uptime:
  end: 1690638561.3075988
  start: 1690638494.8210003
