event_uptime:
  end: 1690638897.643802
  start: 1690638494.8480277
