event_sleeping:
  end: 1690638494.8193772
  start: 1690638494.8193703
