event_uptime:
  end: 1690639033.788876
  start: 1690638494.851557
