event_sleeping:
  end: 1690638494.8195872
  start: 1690638494.8195803
