event_sleeping:
  end: 1690638494.8197398
  start: 1690638494.8197322
