event_uptime:
  end: 1690638796.8872733
  start: 1690638494.8512065
