event_sleeping:
  end: 1690596006.3138268
  start: 1690596006.3137982
