event_sleeping:
  end: 1690596006.3172474
  start: 1690596006.3172343
