event_sleeping:
  end: 1690596006.345658
  start: 1690596006.3456466
