event_sleeping:
  end: 1690596006.4121666
  start: 1690596006.4121532
