event_sleeping:
  end: 1690596006.347843
  start: 1690596006.3478158
