event_sleeping:
  end: 1690596006.3686748
  start: 1690596006.3686502
