event_sleeping:
  end: 1690596006.412553
  start: 1690596006.4125385
