event_sleeping:
  end: 1690596006.48167
  start: 1690596006.4816449
