event_sleeping:
  end: 1690596006.3185189
  start: 1690596006.3185003
