event_sleeping:
  end: 1690596006.3375316
  start: 1690596006.337486
