event_sleeping:
  end: 1690596006.346992
  start: 1690596006.346969
