event_sleeping:
  end: 1690596006.3147638
  start: 1690596006.314571
