event_sleeping:
  end: 1690417054.4192255
  start: 1690417054.417749
