event_sleeping:
  end: 1690417054.4180386
  start: 1690417054.4179614
