event_sleeping:
  end: 1690417054.4169044
  start: 1690417054.4168975
