event_sleeping:
  end: 1690417054.4216838
  start: 1690417054.421665
