event_sleeping:
  end: 1690417054.4191382
  start: 1690417054.4191122
