event_sleeping:
  end: 1690401379.173163
  start: 1690401379.1731477
