event_sleeping:
  end: 1690401379.1413846
  start: 1690401379.141257
