event_sleeping:
  end: 1690401379.1404693
  start: 1690401379.1404247
