event_sleeping:
  end: 1690401379.148482
  start: 1690401379.1484687
