event_sleeping:
  end: 1690401379.1427033
  start: 1690401379.1426904
