event_sleeping:
  end: 1690401379.2187376
  start: 1690401379.2187238
