event_sleeping:
  end: 1690401379.1436815
  start: 1690401379.143668
