event_sleeping:
  end: 1690401379.203666
  start: 1690401379.203638
