event_sleeping:
  end: 1690401379.146255
  start: 1690401379.1462412
