event_sleeping:
  end: 1690401379.1467464
  start: 1690401379.1467323
