event_sleeping:
  end: 1690401379.2041829
  start: 1690401379.2041569
