event_uptime:
  end: 1690473835.9246724
  start: 1690473724.5832672
