event_sleeping:
  end: 1690473724.577406
  start: 1690473724.5769103
