event_sleeping:
  end: 1690473724.5829973
  start: 1690473724.5829844
