event_uptime:
  end: 1690473829.8074794
  start: 1690473724.6040707
