event_sleeping:
  end: 1690473724.5803523
  start: 1690473724.5803394
