event_uptime:
  end: 1690473839.6958752
  start: 1690473724.583562
