event_sleeping:
  end: 1690473724.6058018
  start: 1690473724.6057813
