event_uptime:
  end: 1690473832.8936186
  start: 1690473724.6547406
