event_uptime:
  end: 1690473879.3325632
  start: 1690473724.6503315
