event_sleeping:
  end: 1690473724.6013854
  start: 1690473724.6013486
