event_uptime:
  end: 1690473827.4160063
  start: 1690473724.638662
