event_sleeping:
  end: 1690473724.6074905
  start: 1690473724.6074765
