event_sleeping:
  end: 1690473724.6553895
  start: 1690473724.6553757
