event_uptime:
  end: 1690473832.8878381
  start: 1690473724.6727152
