event_sleeping:
  end: 1690473724.6069984
  start: 1690473724.6069844
