event_uptime:
  end: 1690473836.704222
  start: 1690473724.6251884
