event_uptime:
  end: 1690473827.1889453
  start: 1690473724.6537309
