event_sleeping:
  end: 1690473724.6227777
  start: 1690473724.6227295
