event_uptime:
  end: 1690473851.716302
  start: 1690473724.6904645
