event_sleeping:
  end: 1690473724.6748319
  start: 1690473724.6748142
