event_uptime:
  end: 1690473764.5840237
  start: 1690473724.5791364
