event_sleeping:
  end: 1690473724.5761619
  start: 1690473724.5761445
