event_sleeping:
  end: 1690473724.5789506
  start: 1690473724.5789385
