event_uptime:
  end: 1690473791.484564
  start: 1690473724.5827355
