event_sleeping:
  end: 1690595827.502039
  start: 1690595827.5020232
