event_sleeping:
  end: 1690595827.5026314
  start: 1690595827.5026188
