event_sleeping:
  end: 1690595827.5039423
  start: 1690595827.5039296
