event_sleeping:
  end: 1690595827.502261
  start: 1690595827.5022275
