event_sleeping:
  end: 1690595827.502785
  start: 1690595827.5027668
