event_sleeping:
  end: 1690595827.5062058
  start: 1690595827.5061731
