event_sleeping:
  end: 1690594123.655196
  start: 1690594123.655177
