event_sleeping:
  end: 1690594123.6486135
  start: 1690594123.648598
