event_sleeping:
  end: 1690594123.9045556
  start: 1690594123.9045398
