event_sleeping:
  end: 1690594123.648759
  start: 1690594123.6487448
