event_sleeping:
  end: 1690594123.6562421
  start: 1690594123.6562285
