event_sleeping:
  end: 1690594123.8178713
  start: 1690594123.8178568
