event_sleeping:
  end: 1690594123.8859634
  start: 1690594123.8859484
