event_sleeping:
  end: 1690594123.879578
  start: 1690594123.879523
