event_sleeping:
  end: 1690594123.8187797
  start: 1690594123.8187659
