event_sleeping:
  end: 1690594123.8874576
  start: 1690594123.8874433
