event_sleeping:
  end: 1690594123.8669462
  start: 1690594123.8669317
