event_sleeping:
  end: 1690594123.8617525
  start: 1690594123.8617265
