event_sleeping:
  end: 1690594123.8671186
  start: 1690594123.8671002
