event_sleeping:
  end: 1690594123.6495736
  start: 1690594123.6495597
