event_sleeping:
  end: 1690594123.7107928
  start: 1690594123.710767
