event_sleeping:
  end: 1690594123.6764388
  start: 1690594123.6764007
