event_sleeping:
  end: 1690594123.697285
  start: 1690594123.6972597
