event_sleeping:
  end: 1690594123.8850732
  start: 1690594123.8850553
