event_sleeping:
  end: 1690594123.7801142
  start: 1690594123.780101
