event_sleeping:
  end: 1690594123.9069812
  start: 1690594123.9069662
