event_sleeping:
  end: 1690594123.890419
  start: 1690594123.8904057
