event_sleeping:
  end: 1690594123.8848102
  start: 1690594123.8847923
