event_sleeping:
  end: 1690594123.885334
  start: 1690594123.8852623
