event_sleeping:
  end: 1690594123.6578143
  start: 1690594123.6578012
