event_sleeping:
  end: 1690594123.8866928
  start: 1690594123.8866796
