event_sleeping:
  end: 1690594123.6961608
  start: 1690594123.6961417
