event_sleeping:
  end: 1690594123.8646054
  start: 1690594123.8645804
