event_sleeping:
  end: 1690594123.797672
  start: 1690594123.7976587
