event_sleeping:
  end: 1690594123.6546836
  start: 1690594123.654667
