event_sleeping:
  end: 1690594123.6544976
  start: 1690594123.6544864
