event_sleeping:
  end: 1690594123.6530828
  start: 1690594123.6530685
