event_sleeping:
  end: 1690326629.3630614
  start: 1690326629.3630579
