event_uptime:
  end: 1690326700.7099383
  start: 1690326629.3645198
