event_sleeping:
  end: 1690326629.3634152
  start: 1690326629.3634133
