event_uptime:
  end: 1690327052.2545974
  start: 1690326629.365117
