event_sleeping:
  end: 1690326629.3633726
  start: 1690326629.363369
