event_uptime:
  end: 1690327188.3463244
  start: 1690326629.367188
