event_uptime:
  end: 1690326947.7425973
  start: 1690326629.36503
