event_sleeping:
  end: 1690537642.2184372
  start: 1690537642.218425
