event_sleeping:
  end: 1690537642.216817
  start: 1690537642.2162762
