event_sleeping:
  end: 1690537642.2172396
  start: 1690537642.217226
