event_sleeping:
  end: 1690537642.217033
  start: 1690537642.217017
