event_sleeping:
  end: 1690537642.2197378
  start: 1690537642.2197232
