event_sleeping:
  end: 1690537642.2165787
  start: 1690537642.2165623
