event_uptime:
  end: 1690641617.8207655
  start: 1690641544.3279555
