event_sleeping:
  end: 1690641544.3225691
  start: 1690641544.322554
