event_sleeping:
  end: 1690641544.938209
  start: 1690641544.9381871
