event_uptime:
  end: 1690641968.8473377
  start: 1690641544.8246057
