event_uptime:
  end: 1690641969.1427095
  start: 1690641544.65968
