event_sleeping:
  end: 1690641544.4602497
  start: 1690641544.460237
