event_sleeping:
  end: 1690641544.5822568
  start: 1690641544.582244
