event_sleeping:
  end: 1690641544.3228703
  start: 1690641544.3228586
