event_sleeping:
  end: 1690641544.6221094
  start: 1690641544.6220875
