event_uptime:
  end: 1690641968.9310224
  start: 1690641544.5602672
