event_sleeping:
  end: 1690641544.689064
  start: 1690641544.6890512
