event_sleeping:
  end: 1690641544.32535
  start: 1690641544.3253357
