event_sleeping:
  end: 1690641544.5560353
  start: 1690641544.5560243
