event_uptime:
  end: 1690641968.9604769
  start: 1690641544.526794
