event_sleeping:
  end: 1690641544.4795268
  start: 1690641544.47951
