event_uptime:
  end: 1690641969.0342844
  start: 1690641544.933118
