event_sleeping:
  end: 1690641544.4005387
  start: 1690641544.4005244
