event_uptime:
  end: 1690641969.0835886
  start: 1690641544.3262956
