event_sleeping:
  end: 1690641544.686723
  start: 1690641544.6867087
