event_uptime:
  end: 1690641968.9303014
  start: 1690641544.7058635
