event_uptime:
  end: 1690641968.9290974
  start: 1690641544.4751341
