event_sleeping:
  end: 1690641544.760863
  start: 1690641544.760847
