event_uptime:
  end: 1690641969.1226516
  start: 1690641544.7087526
