event_uptime:
  end: 1690641969.0061424
  start: 1690641544.6195185
