event_uptime:
  end: 1690641969.0499034
  start: 1690641544.995376
