event_uptime:
  end: 1690641969.1046362
  start: 1690641544.4175167
