event_uptime:
  end: 1690641968.9365432
  start: 1690641544.7645628
