event_sleeping:
  end: 1690641544.8066795
  start: 1690641544.8066647
