event_uptime:
  end: 1690641968.9617143
  start: 1690641544.329709
