event_sleeping:
  end: 1690641544.8910928
  start: 1690641544.8910618
