event_uptime:
  end: 1690641969.022995
  start: 1690641544.5031605
