event_sleeping:
  end: 1690641544.5073211
  start: 1690641544.507307
