event_sleeping:
  end: 1690641544.533995
  start: 1690641544.5339804
