event_uptime:
  end: 1690642104.9327517
  start: 1690641544.8046734
