event_uptime:
  end: 1690642104.9530013
  start: 1690641544.6862879
