event_sleeping:
  end: 1690641544.3302977
  start: 1690641544.330284
