event_uptime:
  end: 1690642105.1154284
  start: 1690641544.8291543
