event_sleeping:
  end: 1690641544.5055764
  start: 1690641544.5055552
