event_uptime:
  end: 1690642104.9989026
  start: 1690641544.5509977
