event_uptime:
  end: 1690642105.0469544
  start: 1690641544.3308437
