event_uptime:
  end: 1690642105.1628902
  start: 1690641544.3251226
