event_sleeping:
  end: 1690641544.506059
  start: 1690641544.5060365
