event_uptime:
  end: 1690642105.0349898
  start: 1690641544.5343902
