event_uptime:
  end: 1690642105.0670419
  start: 1690641544.3541787
