event_uptime:
  end: 1690642105.1197453
  start: 1690641544.5340433
