event_sleeping:
  end: 1690641544.6870623
  start: 1690641544.6870494
