event_uptime:
  end: 1690642105.1467714
  start: 1690641544.9774895
