event_sleeping:
  end: 1690641544.938885
  start: 1690641544.9388711
