event_uptime:
  end: 1690642104.9748936
  start: 1690641544.7105312
