event_uptime:
  end: 1690642105.078833
  start: 1690641544.5816128
