event_sleeping:
  end: 1690641544.5587466
  start: 1690641544.5587332
