event_sleeping:
  end: 1690641544.6844387
  start: 1690641544.6844249
