event_sleeping:
  end: 1690641544.806351
  start: 1690641544.8063378
