event_uptime:
  end: 1690642105.0981665
  start: 1690641544.7101676
