event_uptime:
  end: 1690642104.9743621
  start: 1690641544.4816897
