event_sleeping:
  end: 1690641544.4785964
  start: 1690641544.478578
