event_sleeping:
  end: 1690641544.6192899
  start: 1690641544.6192756
