event_sleeping:
  end: 1690641544.7065442
  start: 1690641544.7065294
