event_sleeping:
  end: 1690641544.3211715
  start: 1690641544.3211591
