event_uptime:
  end: 1690642105.1906538
  start: 1690641544.663156
