event_sleeping:
  end: 1690641544.3269522
  start: 1690641544.326936
