event_sleeping:
  end: 1690641544.7840877
  start: 1690641544.7840714
