event_uptime:
  end: 1690641864.4026043
  start: 1690641544.7082574
