event_uptime:
  end: 1690641864.421682
  start: 1690641544.5042872
