event_uptime:
  end: 1690641864.5713587
  start: 1690641544.3999255
