event_sleeping:
  end: 1690641544.4561234
  start: 1690641544.4560971
