event_sleeping:
  end: 1690641544.508902
  start: 1690641544.5088842
