event_uptime:
  end: 1690641864.5144415
  start: 1690641544.4610336
