event_uptime:
  end: 1690641864.363223
  start: 1690641544.802547
