event_uptime:
  end: 1690641864.4431381
  start: 1690641544.5823698
