event_sleeping:
  end: 1690641544.3759477
  start: 1690641544.375925
