event_uptime:
  end: 1690641864.3986933
  start: 1690641544.4361987
