event_sleeping:
  end: 1690641544.4964137
  start: 1690641544.4963918
