event_uptime:
  end: 1690641864.499383
  start: 1690641544.8490686
