event_uptime:
  end: 1690641864.33996
  start: 1690641544.6831667
