event_sleeping:
  end: 1690641544.5602047
  start: 1690641544.5601923
