event_sleeping:
  end: 1690641544.6881113
  start: 1690641544.6875267
