event_sleeping:
  end: 1690641544.8060732
  start: 1690641544.8060603
