event_uptime:
  end: 1690641864.5421927
  start: 1690641544.3274305
