event_uptime:
  end: 1690641864.4676642
  start: 1690641544.7032366
