event_sleeping:
  end: 1690641544.421223
  start: 1690641544.4212024
