event_sleeping:
  end: 1690641544.5570395
  start: 1690641544.5570233
