event_sleeping:
  end: 1690641544.7835948
  start: 1690641544.7835777
