event_uptime:
  end: 1690641864.5905988
  start: 1690641544.9739826
