event_uptime:
  end: 1690641864.558528
  start: 1690641544.6216862
