event_sleeping:
  end: 1690641544.3201299
  start: 1690641544.32011
