event_uptime:
  end: 1690641864.4029233
  start: 1690641544.535659
