event_sleeping:
  end: 1690641544.6873372
  start: 1690641544.687315
