event_sleeping:
  end: 1690641544.66255
  start: 1690641544.6625361
