event_uptime:
  end: 1690641864.4870965
  start: 1690641544.3298135
