event_sleeping:
  end: 1690641544.32589
  start: 1690641544.325877
