event_uptime:
  end: 1690603982.3181756
  start: 1690603912.3609908
