event_sleeping:
  end: 1690603912.3583114
  start: 1690603912.3582997
