event_uptime:
  end: 1690604007.9488103
  start: 1690603912.4168608
