event_uptime:
  end: 1690603997.3883371
  start: 1690603912.421196
