event_sleeping:
  end: 1690603912.4675374
  start: 1690603912.4675224
