event_sleeping:
  end: 1690603912.4035265
  start: 1690603912.403507
