event_uptime:
  end: 1690603977.6798403
  start: 1690603912.4652607
