event_uptime:
  end: 1690603972.10303
  start: 1690603912.380832
