event_sleeping:
  end: 1690603912.3639219
  start: 1690603912.363906
