event_uptime:
  end: 1690603985.7746606
  start: 1690603912.4668012
