event_sleeping:
  end: 1690603912.3864393
  start: 1690603912.3864229
