event_sleeping:
  end: 1690603912.4358826
  start: 1690603912.4358687
