event_uptime:
  end: 1690603981.839368
  start: 1690603912.5241623
