event_sleeping:
  end: 1690603912.432773
  start: 1690603912.4327474
