event_uptime:
  end: 1690603989.6918457
  start: 1690603912.386774
