event_uptime:
  end: 1690603978.259226
  start: 1690603912.3585093
