event_sleeping:
  end: 1690603912.355561
  start: 1690603912.3555338
