event_uptime:
  end: 1690604000.1026256
  start: 1690603912.403046
