event_sleeping:
  end: 1690603912.365933
  start: 1690603912.3659103
