event_uptime:
  end: 1690603971.735876
  start: 1690603912.3634367
