event_uptime:
  end: 1690603979.1947308
  start: 1690603912.3654041
