event_sleeping:
  end: 1690603912.3598826
  start: 1690603912.3598697
