event_uptime:
  end: 1690603981.2562575
  start: 1690603912.363611
