event_uptime:
  end: 1690603968.452664
  start: 1690603912.402487
