event_sleeping:
  end: 1690603912.3662574
  start: 1690603912.3662367
