event_sleeping:
  end: 1690603912.3661578
  start: 1690603912.3661258
