event_uptime:
  end: 1690603994.69092
  start: 1690603912.3878503
