event_uptime:
  end: 1690603924.403877
  start: 1690603912.360525
