event_sleeping:
  end: 1690603912.3562374
  start: 1690603912.3562233
