event_uptime:
  end: 1690603945.6400926
  start: 1690603912.3611414
