event_sleeping:
  end: 1690603912.3557265
  start: 1690603912.3557012
