event_uptime:
  end: 1690573847.855649
  start: 1690573778.9066575
