event_sleeping:
  end: 1690573778.9034421
  start: 1690573778.9034286
