event_sleeping:
  end: 1690573778.9052165
  start: 1690573778.905204
