event_uptime:
  end: 1690573837.647674
  start: 1690573778.9427662
