event_uptime:
  end: 1690573855.1900918
  start: 1690573778.9580586
