event_sleeping:
  end: 1690573778.9039352
  start: 1690573778.9039228
