event_sleeping:
  end: 1690573778.9015055
  start: 1690573778.9014974
