event_uptime:
  end: 1690573843.8081262
  start: 1690573778.904019
