event_sleeping:
  end: 1690573778.9021497
  start: 1690573778.902136
