event_uptime:
  end: 1690573865.718698
  start: 1690573778.942507
