event_uptime:
  end: 1690573790.9843247
  start: 1690573778.905246
