event_sleeping:
  end: 1690573778.901904
  start: 1690573778.9018884
