event_sleeping:
  end: 1690573778.9036922
  start: 1690573778.9036775
