event_uptime:
  end: 1690573810.9681227
  start: 1690573778.9373128
