event_sleeping:
  end: 1690428972.845949
  start: 1690428972.8453805
