event_uptime:
  end: 1690429040.515654
  start: 1690428972.8514037
