event_sleeping:
  end: 1690428972.8475153
  start: 1690428972.847501
