event_uptime:
  end: 1690429376.7062309
  start: 1690428973.1767557
