event_sleeping:
  end: 1690428972.9630206
  start: 1690428972.9630067
