event_sleeping:
  end: 1690428973.0422003
  start: 1690428973.0421767
