event_sleeping:
  end: 1690428972.8481226
  start: 1690428972.8481088
