event_uptime:
  end: 1690429376.7417684
  start: 1690428972.8526652
