event_sleeping:
  end: 1690428972.854356
  start: 1690428972.8543425
