event_sleeping:
  end: 1690428973.149735
  start: 1690428973.149705
