event_uptime:
  end: 1690429376.7619572
  start: 1690428972.8511474
