event_uptime:
  end: 1690429376.8135452
  start: 1690428972.9854996
