event_sleeping:
  end: 1690428972.9825585
  start: 1690428972.9825444
