event_sleeping:
  end: 1690428972.8601751
  start: 1690428972.8601618
