event_uptime:
  end: 1690429376.8371341
  start: 1690428972.9030707
