event_sleeping:
  end: 1690428973.1945875
  start: 1690428973.1945584
