event_uptime:
  end: 1690429376.8061495
  start: 1690428973.0765948
