event_uptime:
  end: 1690429376.6909785
  start: 1690428972.8590999
