event_uptime:
  end: 1690429376.8423338
  start: 1690428972.98783
