event_uptime:
  end: 1690429376.7937572
  start: 1690428973.17581
