event_uptime:
  end: 1690429376.7453191
  start: 1690428973.2137344
