event_sleeping:
  end: 1690428973.133307
  start: 1690428973.1332932
