event_uptime:
  end: 1690429512.9464183
  start: 1690428972.9618342
