event_sleeping:
  end: 1690428972.856793
  start: 1690428972.856774
