event_uptime:
  end: 1690429512.8460615
  start: 1690428973.1961868
