event_uptime:
  end: 1690429512.8365862
  start: 1690428972.8603323
