event_uptime:
  end: 1690429512.9014132
  start: 1690428973.1327899
