event_uptime:
  end: 1690429512.8860598
  start: 1690428973.0083513
