event_uptime:
  end: 1690429512.9620814
  start: 1690428973.0817795
