event_sleeping:
  end: 1690428973.176981
  start: 1690428973.17696
