event_uptime:
  end: 1690429512.931148
  start: 1690428972.8516083
