event_uptime:
  end: 1690429512.8699467
  start: 1690428973.172053
