event_uptime:
  end: 1690429512.9437063
  start: 1690428972.8584628
