event_uptime:
  end: 1690429512.8548808
  start: 1690428972.851301
