event_sleeping:
  end: 1690428972.8492877
  start: 1690428972.849275
