event_sleeping:
  end: 1690428973.1284251
  start: 1690428973.1284058
