event_sleeping:
  end: 1690428972.8459187
  start: 1690428972.8458776
