event_sleeping:
  end: 1690428972.853405
  start: 1690428972.853394
