event_sleeping:
  end: 1690428972.9398131
  start: 1690428972.9397998
