event_sleeping:
  end: 1690428973.1337295
  start: 1690428973.1337147
