event_sleeping:
  end: 1690428973.0562427
  start: 1690428973.0562212
