event_sleeping:
  end: 1690428972.9860573
  start: 1690428972.986044
