event_sleeping:
  end: 1690428972.9363828
  start: 1690428972.9363666
