event_sleeping:
  end: 1690428973.1293602
  start: 1690428973.1293447
