event_uptime:
  end: 1690429276.102787
  start: 1690428972.9549873
