event_uptime:
  end: 1690429276.058725
  start: 1690428973.0230174
