event_sleeping:
  end: 1690428972.8518105
  start: 1690428972.8517938
