event_sleeping:
  end: 1690428973.170849
  start: 1690428973.170822
