event_uptime:
  end: 1690429276.051032
  start: 1690428973.082747
