event_uptime:
  end: 1690429275.9747932
  start: 1690428972.855078
