event_sleeping:
  end: 1690428972.8584282
  start: 1690428972.8577988
