event_uptime:
  end: 1690429276.0952156
  start: 1690428973.0023823
