event_uptime:
  end: 1690429276.0351648
  start: 1690428972.9047687
