event_sleeping:
  end: 1690428973.0762959
  start: 1690428973.0762463
