event_sleeping:
  end: 1690428972.857643
  start: 1690428972.8576295
