event_uptime:
  end: 1690429275.9935622
  start: 1690428972.8599265
