event_uptime:
  end: 1690429276.0137513
  start: 1690428973.133333
