event_sleeping:
  end: 1690428972.8565204
  start: 1690428972.8565054
