event_uptime:
  end: 1690429275.9896953
  start: 1690428973.1763961
