event_sleeping:
  end: 1690428972.9864297
  start: 1690428972.9864154
