event_uptime:
  end: 1690429276.077975
  start: 1690428972.8620598
