event_sleeping:
  end: 1690428972.983006
  start: 1690428972.9829905
