event_sleeping:
  end: 1690595027.8760312
  start: 1690595027.876016
