event_sleeping:
  end: 1690595027.8784468
  start: 1690595027.8784313
