event_sleeping:
  end: 1690595027.8785963
  start: 1690595027.8785813
