event_sleeping:
  end: 1690595027.8819675
  start: 1690595027.8813372
