event_sleeping:
  end: 1690595027.8778658
  start: 1690595027.8778481
