event_sleeping:
  end: 1690595027.8826215
  start: 1690595027.882611
