event_sleeping:
  end: 1690595027.8823512
  start: 1690595027.882333
