event_sleeping:
  end: 1690595027.8804522
  start: 1690595027.8804395
