event_sleeping:
  end: 1690595027.8781173
  start: 1690595027.8780966
