event_sleeping:
  end: 1690595027.876201
  start: 1690595027.8761854
