event_sleeping:
  end: 1690595027.8737411
  start: 1690595027.8737278
