event_sleeping:
  end: 1690595027.8731534
  start: 1690595027.8731394
