event_sleeping:
  end: 1690632956.4843676
  start: 1690632956.4843402
