event_uptime:
  end: 1690633028.4195127
  start: 1690632956.4894235
