event_uptime:
  end: 1690633379.7825491
  start: 1690632956.5789669
