event_uptime:
  end: 1690633379.7512581
  start: 1690632956.5564823
