event_sleeping:
  end: 1690632956.6010742
  start: 1690632956.6010575
