event_sleeping:
  end: 1690632956.4907815
  start: 1690632956.490767
