event_uptime:
  end: 1690633379.8715174
  start: 1690632956.52861
