event_sleeping:
  end: 1690632956.5342655
  start: 1690632956.5342321
