event_uptime:
  end: 1690633379.882634
  start: 1690632956.6223307
