event_sleeping:
  end: 1690632956.580528
  start: 1690632956.5804887
