event_sleeping:
  end: 1690632956.554588
  start: 1690632956.554567
