event_uptime:
  end: 1690633379.9065604
  start: 1690632956.60294
