event_sleeping:
  end: 1690632956.5751936
  start: 1690632956.575163
