event_sleeping:
  end: 1690632956.6205752
  start: 1690632956.6205363
