event_sleeping:
  end: 1690632956.5338573
  start: 1690632956.5338354
