event_uptime:
  end: 1690633515.9299061
  start: 1690632956.641605
