event_uptime:
  end: 1690633515.8349257
  start: 1690632956.5539043
