event_uptime:
  end: 1690633515.9919055
  start: 1690632956.5805545
