event_sleeping:
  end: 1690632956.5801523
  start: 1690632956.5801373
