event_uptime:
  end: 1690633515.9261453
  start: 1690632956.5992315
