event_sleeping:
  end: 1690632956.4873612
  start: 1690632956.4873476
