event_sleeping:
  end: 1690632956.5536416
  start: 1690632956.5536265
