event_sleeping:
  end: 1690632956.5824416
  start: 1690632956.582425
