event_sleeping:
  end: 1690632956.5787983
  start: 1690632956.5787826
