event_uptime:
  end: 1690633275.3419747
  start: 1690632956.489613
