event_uptime:
  end: 1690633275.3350074
  start: 1690632956.4908116
