event_sleeping:
  end: 1690632956.4860458
  start: 1690632956.4860342
