event_uptime:
  end: 1690633275.2962384
  start: 1690632956.6042578
