event_sleeping:
  end: 1690632956.485603
  start: 1690632956.485589
