event_uptime:
  end: 1690633275.322623
  start: 1690632956.5960994
