event_uptime:
  end: 1690633275.1833894
  start: 1690632956.5566678
