event_sleeping:
  end: 1690419171.0548618
  start: 1690419171.0548484
