event_sleeping:
  end: 1690419171.0561202
  start: 1690419171.0561016
