event_sleeping:
  end: 1690419171.061134
  start: 1690419171.0610487
