event_sleeping:
  end: 1690419171.0555305
  start: 1690419171.055516
