event_sleeping:
  end: 1690419171.0589597
  start: 1690419171.0589468
