event_sleeping:
  end: 1690419171.0538983
  start: 1690419171.0538225
