event_sleeping:
  end: 1690419171.0532246
  start: 1690419171.05321
