event_sleeping:
  end: 1690419171.0607533
  start: 1690419171.0607321
