event_sleeping:
  end: 1690419171.05845
  start: 1690419171.0584297
