event_sleeping:
  end: 1690419171.0557635
  start: 1690419171.0557287
