event_sleeping:
  end: 1690424364.5809577
  start: 1690424364.5809453
