event_sleeping:
  end: 1690424364.5804646
  start: 1690424364.5804515
