event_sleeping:
  end: 1690424364.580844
  start: 1690424364.5808313
