event_sleeping:
  end: 1690424364.5806644
  start: 1690424364.5806515
