event_sleeping:
  end: 1690424364.5812137
  start: 1690424364.5812004
