event_sleeping:
  end: 1690424364.5820336
  start: 1690424364.5810652
