event_sleeping:
  end: 1690542111.2835205
  start: 1690542111.2835069
