event_sleeping:
  end: 1690542110.635353
  start: 1690542110.6353393
