event_sleeping:
  end: 1690542110.6096396
  start: 1690542110.6096256
