event_sleeping:
  end: 1690542111.1749513
  start: 1690542111.1749296
