event_sleeping:
  end: 1690542111.228543
  start: 1690542111.2285285
