event_sleeping:
  end: 1690542110.5709093
  start: 1690542110.5708952
