event_sleeping:
  end: 1690542110.8038914
  start: 1690542110.803877
