event_sleeping:
  end: 1690542110.4179466
  start: 1690542110.417933
