event_sleeping:
  end: 1690542110.2300296
  start: 1690542110.2300127
