event_sleeping:
  end: 1690542110.7499764
  start: 1690542110.7499628
