event_sleeping:
  end: 1690542110.9776354
  start: 1690542110.9776213
