event_sleeping:
  end: 1690542110.233927
  start: 1690542110.2339108
