event_sleeping:
  end: 1690542110.6012816
  start: 1690542110.6012654
