event_sleeping:
  end: 1690542110.238752
  start: 1690542110.2387397
