event_sleeping:
  end: 1690542111.168054
  start: 1690542111.1680393
