event_sleeping:
  end: 1690542110.6039164
  start: 1690542110.603903
