event_sleeping:
  end: 1690542111.1726356
  start: 1690542111.1726158
