event_sleeping:
  end: 1690542110.2832682
  start: 1690542110.2832532
