event_sleeping:
  end: 1690542110.6059165
  start: 1690542110.605903
