event_sleeping:
  end: 1690542110.706853
  start: 1690542110.706835
