event_sleeping:
  end: 1690542111.1711626
  start: 1690542111.1711488
