event_sleeping:
  end: 1690542110.22481
  start: 1690542110.2247977
