event_sleeping:
  end: 1690542110.5406878
  start: 1690542110.5406535
