event_sleeping:
  end: 1690542110.626039
  start: 1690542110.6259985
