event_sleeping:
  end: 1690542110.2315326
  start: 1690542110.23152
