event_sleeping:
  end: 1690542110.9204545
  start: 1690542110.9204273
