event_sleeping:
  end: 1690542110.237704
  start: 1690542110.237691
