event_sleeping:
  end: 1690542110.8270957
  start: 1690542110.8270721
