event_sleeping:
  end: 1690542111.256022
  start: 1690542111.2559967
