event_sleeping:
  end: 1690542111.2292578
  start: 1690542111.2292445
