event_sleeping:
  end: 1690542110.2342439
  start: 1690542110.23423
