event_sleeping:
  end: 1690542110.8551333
  start: 1690542110.8551083
