event_sleeping:
  end: 1690542110.9469767
  start: 1690542110.9469547
