event_sleeping:
  end: 1690542110.6064582
  start: 1690542110.606446
