event_sleeping:
  end: 1690542110.772208
  start: 1690542110.772194
