event_sleeping:
  end: 1690542110.2330072
  start: 1690542110.2329872
