event_sleeping:
  end: 1690542110.4216223
  start: 1690542110.4216058
