event_sleeping:
  end: 1690542111.2794137
  start: 1690542111.2793891
