event_sleeping:
  end: 1690542110.2268176
  start: 1690542110.2268028
