event_sleeping:
  end: 1690542110.23798
  start: 1690542110.2379665
