event_sleeping:
  end: 1690542111.1747298
  start: 1690542111.174715
