event_sleeping:
  end: 1690542110.577423
  start: 1690542110.5774097
