event_sleeping:
  end: 1690542111.166861
  start: 1690542111.1668248
