event_sleeping:
  end: 1690542110.5736969
  start: 1690542110.5736773
