event_sleeping:
  end: 1690542110.6559339
  start: 1690542110.6559217
