event_sleeping:
  end: 1690542110.2889664
  start: 1690542110.2889533
