event_sleeping:
  end: 1690542111.2554696
  start: 1690542111.255457
