event_sleeping:
  end: 1690542110.9247198
  start: 1690542110.9247055
