event_sleeping:
  end: 1690542110.800592
  start: 1690542110.8005764
