event_sleeping:
  end: 1690542110.6309717
  start: 1690542110.6309555
