event_sleeping:
  end: 1690542110.5714924
  start: 1690542110.5714765
