event_sleeping:
  end: 1690542111.2289486
  start: 1690542111.2289352
