event_sleeping:
  end: 1690542111.2845886
  start: 1690542111.284576
