event_sleeping:
  end: 1690542111.1729577
  start: 1690542111.1729426
