event_sleeping:
  end: 1690542111.0490744
  start: 1690542111.0490506
