event_sleeping:
  end: 1690542110.605515
  start: 1690542110.605503
