event_sleeping:
  end: 1690542110.523468
  start: 1690542110.523455
