event_sleeping:
  end: 1690542110.2362616
  start: 1690542110.236249
