event_sleeping:
  end: 1690542110.2354233
  start: 1690542110.2354105
