event_sleeping:
  end: 1690542110.705658
  start: 1690542110.7056417
