event_sleeping:
  end: 1690542110.657211
  start: 1690542110.6571975
