event_sleeping:
  end: 1690542110.7791407
  start: 1690542110.7791233
