event_sleeping:
  end: 1690542110.6081035
  start: 1690542110.6080909
