event_sleeping:
  end: 1690542110.5767741
  start: 1690542110.5767524
