event_sleeping:
  end: 1690542111.1975746
  start: 1690542111.197535
