event_sleeping:
  end: 1690542111.1675234
  start: 1690542111.167508
