event_sleeping:
  end: 1690542110.5756757
  start: 1690542110.5756621
