event_sleeping:
  end: 1690542110.9038887
  start: 1690542110.9037933
