event_sleeping:
  end: 1690542111.2828472
  start: 1690542111.28281
