event_sleeping:
  end: 1690542110.501388
  start: 1690542110.5013673
