event_sleeping:
  end: 1690542110.2414296
  start: 1690542110.2414129
