event_sleeping:
  end: 1690542111.0792165
  start: 1690542111.0792024
