event_sleeping:
  end: 1690542111.2499933
  start: 1690542111.249976
