event_sleeping:
  end: 1690542110.2294202
  start: 1690542110.2294064
