event_uptime:
  end: 1690571323.702729
  start: 1690571254.9704027
