event_sleeping:
  end: 1690571254.9673243
  start: 1690571254.9672704
