event_sleeping:
  end: 1690571254.9674785
  start: 1690571254.967465
