event_uptime:
  end: 1690571313.4239807
  start: 1690571254.970865
