event_uptime:
  end: 1690571267.0271468
  start: 1690571254.9702446
