event_sleeping:
  end: 1690571254.967684
  start: 1690571254.9676697
