event_uptime:
  end: 1690571286.739427
  start: 1690571254.9705102
