event_sleeping:
  end: 1690571254.966929
  start: 1690571254.9669125
