event_sleeping:
  end: 1690574902.500684
  start: 1690574902.5006678
