event_uptime:
  end: 1690574971.975072
  start: 1690574902.5068514
