event_sleeping:
  end: 1690574902.5029137
  start: 1690574902.502901
