event_uptime:
  end: 1690574961.7565558
  start: 1690574902.5073206
