event_uptime:
  end: 1690574979.3189988
  start: 1690574902.50531
