event_sleeping:
  end: 1690574902.5010192
  start: 1690574902.5010028
