event_uptime:
  end: 1690574967.8834167
  start: 1690574902.5088778
