event_sleeping:
  end: 1690574902.501615
  start: 1690574902.5015993
