event_uptime:
  end: 1690574989.8400044
  start: 1690574902.506175
