event_sleeping:
  end: 1690574902.5014508
  start: 1690574902.5014327
