event_sleeping:
  end: 1690574902.5019548
  start: 1690574902.5019088
