event_uptime:
  end: 1690574961.5075305
  start: 1690574902.5090342
