event_sleeping:
  end: 1690574902.5031621
  start: 1690574902.503149
