event_uptime:
  end: 1690574968.8679569
  start: 1690574902.5070417
