event_sleeping:
  end: 1690574902.510425
  start: 1690574902.5096765
