event_uptime:
  end: 1690574970.8768237
  start: 1690574902.5439827
