event_uptime:
  end: 1690574958.1357117
  start: 1690574902.5107036
