event_sleeping:
  end: 1690574902.508036
  start: 1690574902.508022
