event_uptime:
  end: 1690574984.3155901
  start: 1690574902.5104644
