event_sleeping:
  end: 1690574902.50872
  start: 1690574902.508706
