event_sleeping:
  end: 1690574902.5027978
  start: 1690574902.501755
