event_uptime:
  end: 1690574914.5685663
  start: 1690574902.5072308
