event_sleeping:
  end: 1690574902.5068214
  start: 1690574902.5068069
