event_uptime:
  end: 1690574935.1952877
  start: 1690574902.5101795
