event_sleeping:
  end: 1690604032.6991339
  start: 1690604032.6991215
