event_uptime:
  end: 1690604144.8311217
  start: 1690604032.7018733
