event_sleeping:
  end: 1690604032.8542387
  start: 1690604032.8542254
