event_uptime:
  end: 1690604161.5154076
  start: 1690604032.916609
