event_uptime:
  end: 1690604140.8396773
  start: 1690604032.9130929
