event_sleeping:
  end: 1690604032.6949174
  start: 1690604032.6949012
