event_sleeping:
  end: 1690604032.851137
  start: 1690604032.8511226
