event_sleeping:
  end: 1690604032.8722389
  start: 1690604032.8722196
