event_uptime:
  end: 1690604168.531808
  start: 1690604032.8379674
