event_uptime:
  end: 1690604138.51543
  start: 1690604032.6978889
