event_uptime:
  end: 1690604150.8150723
  start: 1690604032.8535697
