event_sleeping:
  end: 1690604032.8196003
  start: 1690604032.8195844
