event_sleeping:
  end: 1690604032.8188908
  start: 1690604032.8188775
