event_sleeping:
  end: 1690604032.7004151
  start: 1690604032.7003975
