event_uptime:
  end: 1690604148.4115002
  start: 1690604032.7025633
