event_uptime:
  end: 1690604141.7284565
  start: 1690604032.7505007
