event_sleeping:
  end: 1690604032.7365744
  start: 1690604032.7365587
