event_uptime:
  end: 1690604188.118677
  start: 1690604032.7348006
