event_sleeping:
  end: 1690604032.7007897
  start: 1690604032.7007768
