event_uptime:
  end: 1690604136.0467122
  start: 1690604032.734174
