event_sleeping:
  end: 1690604032.701408
  start: 1690604032.7013943
