event_uptime:
  end: 1690604141.6556041
  start: 1690604032.7397916
