event_sleeping:
  end: 1690604032.7359824
  start: 1690604032.735963
