event_sleeping:
  end: 1690604032.7402303
  start: 1690604032.7402163
