event_uptime:
  end: 1690604145.4562435
  start: 1690604032.7854707
