event_uptime:
  end: 1690604135.75989
  start: 1690604032.8201876
