event_sleeping:
  end: 1690604032.7870152
  start: 1690604032.7870016
