event_uptime:
  end: 1690604160.50227
  start: 1690604032.819195
