event_sleeping:
  end: 1690604032.7872698
  start: 1690604032.7404885
