event_sleeping:
  end: 1690604032.6970878
  start: 1690604032.6958356
