event_uptime:
  end: 1690604072.7678933
  start: 1690604032.6992288
