event_uptime:
  end: 1690604100.4725394
  start: 1690604032.6976871
