event_sleeping:
  end: 1690604032.6939774
  start: 1690604032.6939528
