event_sleeping:
  end: 1690600029.197745
  start: 1690600029.1977322
