event_sleeping:
  end: 1690600029.2036579
  start: 1690600029.2036421
