event_sleeping:
  end: 1690600029.3621247
  start: 1690600029.3621104
