event_sleeping:
  end: 1690600029.3804283
  start: 1690600029.3804152
