event_sleeping:
  end: 1690600029.1984496
  start: 1690600029.1984355
