event_sleeping:
  end: 1690600029.4298012
  start: 1690600029.429776
