event_sleeping:
  end: 1690600029.2118804
  start: 1690600029.2118618
