event_sleeping:
  end: 1690600029.4481616
  start: 1690600029.448149
