event_sleeping:
  end: 1690600029.3432715
  start: 1690600029.3432574
