event_sleeping:
  end: 1690600029.208869
  start: 1690600029.2088358
