event_sleeping:
  end: 1690600029.2570515
  start: 1690600029.2570376
