event_sleeping:
  end: 1690600029.450066
  start: 1690600029.450052
