event_sleeping:
  end: 1690600029.452856
  start: 1690600029.4528432
