event_sleeping:
  end: 1690600029.293738
  start: 1690600029.2937107
