event_sleeping:
  end: 1690600029.467919
  start: 1690600029.467905
