event_sleeping:
  end: 1690600029.4473681
  start: 1690600029.4473567
