event_sleeping:
  end: 1690600029.3624907
  start: 1690600029.362449
