event_sleeping:
  end: 1690600029.4841208
  start: 1690600029.4840882
