event_sleeping:
  end: 1690600029.4490607
  start: 1690600029.4490452
