event_sleeping:
  end: 1690600029.3613496
  start: 1690600029.3613245
