event_sleeping:
  end: 1690600029.2049236
  start: 1690600029.204905
