event_sleeping:
  end: 1690600029.4429657
  start: 1690600029.4429474
