event_sleeping:
  end: 1690600029.3765266
  start: 1690600029.3765087
