event_sleeping:
  end: 1690600029.2013593
  start: 1690600029.201344
