event_sleeping:
  end: 1690600029.2507145
  start: 1690600029.2506814
