event_sleeping:
  end: 1690600029.4509556
  start: 1690600029.4509428
