event_sleeping:
  end: 1690600029.3135793
  start: 1690600029.313566
