event_sleeping:
  end: 1690600029.2062783
  start: 1690600029.2062469
