event_sleeping:
  end: 1690600029.2107923
  start: 1690600029.2107706
