event_sleeping:
  end: 1690600029.2576356
  start: 1690600029.2576218
