event_sleeping:
  end: 1690600029.2027924
  start: 1690600029.2017097
