event_sleeping:
  end: 1690594314.009197
  start: 1690594314.009184
