event_sleeping:
  end: 1690594314.1214473
  start: 1690594314.1214342
