event_sleeping:
  end: 1690594314.1156802
  start: 1690594314.1156461
