event_sleeping:
  end: 1690594314.0132937
  start: 1690594314.013276
