event_sleeping:
  end: 1690594314.1218765
  start: 1690594314.1218634
