event_sleeping:
  end: 1690594314.0639737
  start: 1690594314.0639353
