event_sleeping:
  end: 1690594314.0179877
  start: 1690594314.0179749
