event_sleeping:
  end: 1690594314.1737196
  start: 1690594314.1737056
