event_sleeping:
  end: 1690594314.0038118
  start: 1690594314.003795
