event_sleeping:
  end: 1690594314.0822601
  start: 1690594314.082227
