event_sleeping:
  end: 1690594314.015729
  start: 1690594314.0153723
