event_sleeping:
  end: 1690594314.2243462
  start: 1690594314.2243323
