event_sleeping:
  end: 1690594314.2933826
  start: 1690594314.2933683
