event_sleeping:
  end: 1690594314.0126333
  start: 1690594314.01262
