event_sleeping:
  end: 1690594314.0115535
  start: 1690594314.01153
