event_sleeping:
  end: 1690594314.2563813
  start: 1690594314.2563543
