event_sleeping:
  end: 1690594314.0889094
  start: 1690594314.0888927
