event_sleeping:
  end: 1690594314.0650756
  start: 1690594314.0650618
