event_sleeping:
  end: 1690594314.2901652
  start: 1690594314.2901328
