event_sleeping:
  end: 1690594314.0030506
  start: 1690594314.0030344
