event_sleeping:
  end: 1690594314.020506
  start: 1690594314.020489
