event_sleeping:
  end: 1690594314.1225173
  start: 1690594314.1225026
