event_sleeping:
  end: 1690594314.0096698
  start: 1690594314.0096543
