event_sleeping:
  end: 1690594314.224078
  start: 1690594314.2240548
