event_sleeping:
  end: 1690594314.0870805
  start: 1690594314.0870657
