event_sleeping:
  end: 1690594314.1926608
  start: 1690594314.1926467
