event_sleeping:
  end: 1690594314.1400187
  start: 1690594314.1400034
