event_sleeping:
  end: 1690594314.0028718
  start: 1690594314.0028594
