event_sleeping:
  end: 1690634787.8472772
  start: 1690634787.8472638
