event_uptime:
  end: 1690634854.962607
  start: 1690634787.8870327
