event_uptime:
  end: 1690635190.9592156
  start: 1690634787.8481863
