event_sleeping:
  end: 1690634787.843259
  start: 1690634787.8432436
