event_uptime:
  end: 1690635191.022134
  start: 1690634787.8458235
