event_sleeping:
  end: 1690634787.8429418
  start: 1690634787.8428082
