event_uptime:
  end: 1690635327.0154545
  start: 1690634787.867354
