event_uptime:
  end: 1690635327.0632656
  start: 1690634787.8461068
