event_sleeping:
  end: 1690634787.8430538
  start: 1690634787.8430202
