event_sleeping:
  end: 1690634787.8460655
  start: 1690634787.8460553
