event_uptime:
  end: 1690635090.2348125
  start: 1690634787.8695598
