event_sleeping:
  end: 1690634787.845799
  start: 1690634787.8457768
