event_uptime:
  end: 1690635090.2053678
  start: 1690634787.8454936
