event_sleeping:
  end: 1690634787.842601
  start: 1690634787.8425925
