event_sleeping:
  end: 1690597051.1971343
  start: 1690597051.1971173
