event_sleeping:
  end: 1690597051.1974905
  start: 1690597051.1974726
