event_sleeping:
  end: 1690597051.1976779
  start: 1690597051.1975904
