event_sleeping:
  end: 1690597051.1977894
  start: 1690597051.1977258
