event_sleeping:
  end: 1690597051.1980424
  start: 1690597051.197838
