event_sleeping:
  end: 1690597051.1979635
  start: 1690597051.1979456
