event_uptime:
  end: 1690353088.7745032
  start: 1690353017.3981845
