event_sleeping:
  end: 1690353017.3962877
  start: 1690353017.3962834
