event_uptime:
  end: 1690353440.6792295
  start: 1690353017.3984241
