event_sleeping:
  end: 1690353017.3966458
  start: 1690353017.396642
