event_sleeping:
  end: 1690353017.3965924
  start: 1690353017.396587
