event_uptime:
  end: 1690353576.347257
  start: 1690353017.3985882
