event_sleeping:
  end: 1690353017.396422
  start: 1690353017.396418
