event_uptime:
  end: 1690353336.1580222
  start: 1690353017.3983033
