event_uptime:
  end: 1690471871.0594125
  start: 1690471759.5847163
