event_sleeping:
  end: 1690471759.580677
  start: 1690471759.580655
