event_uptime:
  end: 1690471864.9279902
  start: 1690471759.5861852
