event_sleeping:
  end: 1690471759.5772786
  start: 1690471759.5772655
