event_uptime:
  end: 1690471874.8070288
  start: 1690471759.5817835
