event_uptime:
  end: 1690471867.9066083
  start: 1690471759.5855606
