event_sleeping:
  end: 1690471759.5814176
  start: 1690471759.5811048
