event_uptime:
  end: 1690471914.4749937
  start: 1690471759.6337557
