event_sleeping:
  end: 1690471759.5832992
  start: 1690471759.5832865
