event_sleeping:
  end: 1690471759.6376445
  start: 1690471759.6376271
