event_uptime:
  end: 1690471862.499256
  start: 1690471759.6426969
