event_uptime:
  end: 1690471868.007461
  start: 1690471759.6430662
