event_sleeping:
  end: 1690471759.6391292
  start: 1690471759.6390848
