event_uptime:
  end: 1690471871.7601488
  start: 1690471759.6544938
