event_uptime:
  end: 1690471862.1797557
  start: 1690471759.7047536
