event_sleeping:
  end: 1690471759.6865406
  start: 1690471759.6865249
