event_uptime:
  end: 1690471886.7763543
  start: 1690471759.703871
