event_uptime:
  end: 1690471799.6562045
  start: 1690471759.6385827
