event_sleeping:
  end: 1690471759.5858226
  start: 1690471759.5815175
