event_uptime:
  end: 1690471826.5688167
  start: 1690471759.5815809
