event_sleeping:
  end: 1690471759.5779722
  start: 1690471759.5779479
