event_uptime:
  end: 1690603371.4562173
  start: 1690603301.3100717
