event_sleeping:
  end: 1690603301.3067987
  start: 1690603301.306784
