event_sleeping:
  end: 1690603301.3142338
  start: 1690603301.3140898
