event_uptime:
  end: 1690603366.6979103
  start: 1690603301.3699617
