event_uptime:
  end: 1690603361.1738672
  start: 1690603301.302381
