event_sleeping:
  end: 1690603301.3104722
  start: 1690603301.3104558
