event_uptime:
  end: 1690603374.8906257
  start: 1690603301.393666
