event_uptime:
  end: 1690603397.143841
  start: 1690603301.3133633
