event_sleeping:
  end: 1690603301.3353827
  start: 1690603301.335343
