event_uptime:
  end: 1690603370.8119738
  start: 1690603301.3537197
