event_sleeping:
  end: 1690603301.373939
  start: 1690603301.3739197
