event_sleeping:
  end: 1690603301.299335
  start: 1690603301.2993178
