event_uptime:
  end: 1690603386.555111
  start: 1690603301.374146
