event_sleeping:
  end: 1690603301.3063452
  start: 1690603301.3063278
