event_uptime:
  end: 1690603378.7151568
  start: 1690603301.309003
