event_sleeping:
  end: 1690603301.3114407
  start: 1690603301.3107483
