event_uptime:
  end: 1690603367.2628868
  start: 1690603301.313628
