event_sleeping:
  end: 1690603301.3017972
  start: 1690603301.3017828
