event_uptime:
  end: 1690603389.2241495
  start: 1690603301.3076725
