event_sleeping:
  end: 1690603301.310608
  start: 1690603301.3105938
