event_uptime:
  end: 1690603360.9669018
  start: 1690603301.3138573
