event_uptime:
  end: 1690603368.3429208
  start: 1690603301.3094652
