event_sleeping:
  end: 1690603301.3066432
  start: 1690603301.3066204
