event_uptime:
  end: 1690603370.3705556
  start: 1690603301.3091702
