event_sleeping:
  end: 1690603301.3036797
  start: 1690603301.3036623
