event_sleeping:
  end: 1690603301.3023257
  start: 1690603301.3023129
