event_uptime:
  end: 1690603357.6716697
  start: 1690603301.3068347
