event_sleeping:
  end: 1690603301.310206
  start: 1690603301.3101938
