event_uptime:
  end: 1690603383.8140235
  start: 1690603301.3131542
