event_uptime:
  end: 1690603313.5434656
  start: 1690603301.3108158
