event_sleeping:
  end: 1690603301.3089733
  start: 1690603301.308958
