event_uptime:
  end: 1690603334.8166938
  start: 1690603301.3064215
