event_sleeping:
  end: 1690603301.3031507
  start: 1690603301.3026333
