event_uptime:
  end: 1690579788.2886539
  start: 1690579677.6929142
