event_sleeping:
  end: 1690579677.6901994
  start: 1690579677.6901822
