event_sleeping:
  end: 1690579677.6905344
  start: 1690579677.6905212
