event_uptime:
  end: 1690579782.003366
  start: 1690579677.6935544
