event_uptime:
  end: 1690579717.7195153
  start: 1690579677.6931534
