event_sleeping:
  end: 1690579677.689733
  start: 1690579677.68919
