event_sleeping:
  end: 1690579677.690558
  start: 1690579677.6903424
