event_uptime:
  end: 1690579743.6481073
  start: 1690579677.693447
