event_sleeping:
  end: 1690471368.6692393
  start: 1690471368.6692247
