event_uptime:
  end: 1690471437.6452441
  start: 1690471368.6725283
