event_sleeping:
  end: 1690471368.6724656
  start: 1690471368.6724286
