event_uptime:
  end: 1690471427.4029722
  start: 1690471368.6874292
