event_uptime:
  end: 1690471444.9946742
  start: 1690471368.6730983
