event_sleeping:
  end: 1690471368.6697924
  start: 1690471368.6697624
