event_sleeping:
  end: 1690471368.6695242
  start: 1690471368.6695108
