event_uptime:
  end: 1690471433.515373
  start: 1690471368.6727657
