event_uptime:
  end: 1690471455.4559464
  start: 1690471368.691724
