event_sleeping:
  end: 1690471368.6733541
  start: 1690471368.673341
