event_uptime:
  end: 1690471380.7385566
  start: 1690471368.6745393
