event_sleeping:
  end: 1690471368.6722915
  start: 1690471368.672276
