event_sleeping:
  end: 1690471368.6730707
  start: 1690471368.6730568
