event_uptime:
  end: 1690471400.7593336
  start: 1690471368.6913953
