event_sleeping:
  end: 1690426626.8018036
  start: 1690426626.8017845
