event_uptime:
  end: 1690426694.544685
  start: 1690426626.8309891
