event_uptime:
  end: 1690427030.8936057
  start: 1690426626.8955188
