event_sleeping:
  end: 1690426626.8315895
  start: 1690426626.8315737
