event_sleeping:
  end: 1690426626.7974398
  start: 1690426626.7962906
