event_sleeping:
  end: 1690426626.7998521
  start: 1690426626.7998002
