event_sleeping:
  end: 1690426626.9642997
  start: 1690426626.9642859
