event_uptime:
  end: 1690427030.883666
  start: 1690426626.9645681
