event_uptime:
  end: 1690427030.8502188
  start: 1690426626.8003175
