event_uptime:
  end: 1690427030.8321164
  start: 1690426626.8018298
