event_sleeping:
  end: 1690426626.934115
  start: 1690426626.9340978
