event_uptime:
  end: 1690427030.85821
  start: 1690426626.9993646
