event_sleeping:
  end: 1690426626.8981457
  start: 1690426626.8981302
