event_uptime:
  end: 1690427166.9801786
  start: 1690426626.9136918
