event_sleeping:
  end: 1690426626.8268054
  start: 1690426626.8267758
