event_uptime:
  end: 1690427167.0348337
  start: 1690426626.8317137
