event_uptime:
  end: 1690427167.015057
  start: 1690426626.9643354
