event_uptime:
  end: 1690427166.990443
  start: 1690426626.8002014
