event_sleeping:
  end: 1690426626.7972302
  start: 1690426626.7971983
