event_sleeping:
  end: 1690426626.9483433
  start: 1690426626.9483051
