event_sleeping:
  end: 1690426626.7977817
  start: 1690426626.7977684
