event_uptime:
  end: 1690427167.0033638
  start: 1690426626.800604
