event_sleeping:
  end: 1690426626.8954275
  start: 1690426626.8954115
