event_uptime:
  end: 1690426930.1535382
  start: 1690426626.7978535
