event_sleeping:
  end: 1690426626.8013816
  start: 1690426626.8013647
