event_uptime:
  end: 1690426930.0827198
  start: 1690426626.8277886
