event_uptime:
  end: 1690426930.1465733
  start: 1690426626.9311697
