event_sleeping:
  end: 1690426626.7937074
  start: 1690426626.793672
