event_sleeping:
  end: 1690426626.7946155
  start: 1690426626.7945945
