event_uptime:
  end: 1690426930.070988
  start: 1690426626.9633727
