event_sleeping:
  end: 1690426626.9335935
  start: 1690426626.933575
