event_uptime:
  end: 1690426930.1076174
  start: 1690426626.796368
