event_sleeping:
  end: 1690584473.9361796
  start: 1690584473.9361687
