event_uptime:
  end: 1690584542.6141973
  start: 1690584473.9535728
