event_uptime:
  end: 1690584486.043671
  start: 1690584473.9575093
