event_sleeping:
  end: 1690584473.9363418
  start: 1690584473.9363348
