event_sleeping:
  end: 1690584473.9359727
  start: 1690584473.9359653
