event_uptime:
  end: 1690584505.5954173
  start: 1690584473.9385026
