event_sleeping:
  end: 1690594559.7806299
  start: 1690594559.7806134
