event_sleeping:
  end: 1690594559.7867377
  start: 1690594559.786723
