event_sleeping:
  end: 1690594559.7813478
  start: 1690594559.7813358
