event_sleeping:
  end: 1690594559.8105953
  start: 1690594559.8105776
