event_sleeping:
  end: 1690594559.7886727
  start: 1690594559.7886612
