event_sleeping:
  end: 1690594559.787333
  start: 1690594559.7873144
