event_sleeping:
  end: 1690594559.809011
  start: 1690594559.808998
