event_sleeping:
  end: 1690594559.788073
  start: 1690594559.788056
