event_sleeping:
  end: 1690594559.7835848
  start: 1690594559.7835639
