event_sleeping:
  end: 1690594559.7889047
  start: 1690594559.7888854
