event_sleeping:
  end: 1690594559.7804778
  start: 1690594559.7804637
