event_sleeping:
  end: 1690625048.5071495
  start: 1690625048.5071366
