event_uptime:
  end: 1690625116.9116077
  start: 1690625048.5130746
