event_uptime:
  end: 1690625453.0497353
  start: 1690625049.0901449
