event_uptime:
  end: 1690625453.1273031
  start: 1690625048.820494
