event_sleeping:
  end: 1690625048.506689
  start: 1690625048.5066714
