event_uptime:
  end: 1690625453.1695027
  start: 1690625048.6397548
