event_sleeping:
  end: 1690625049.0546734
  start: 1690625049.0546591
