event_sleeping:
  end: 1690625049.1144886
  start: 1690625049.114475
