event_sleeping:
  end: 1690625048.6082566
  start: 1690625048.6082413
