event_sleeping:
  end: 1690625048.765689
  start: 1690625048.765675
