event_uptime:
  end: 1690625453.205434
  start: 1690625049.1175058
