event_uptime:
  end: 1690625453.1541972
  start: 1690625048.6393023
