event_uptime:
  end: 1690625452.993897
  start: 1690625048.8311136
