event_uptime:
  end: 1690625453.0190842
  start: 1690625048.5800574
