event_sleeping:
  end: 1690625048.9757273
  start: 1690625048.975714
