event_sleeping:
  end: 1690625048.8284183
  start: 1690625048.8284063
