event_uptime:
  end: 1690625453.1477513
  start: 1690625048.5569873
