event_uptime:
  end: 1690625452.9940374
  start: 1690625048.9720194
