event_uptime:
  end: 1690625453.199744
  start: 1690625048.827117
