event_sleeping:
  end: 1690625049.1180947
  start: 1690625049.118046
