event_sleeping:
  end: 1690625048.8211782
  start: 1690625048.821165
