event_sleeping:
  end: 1690625048.5145695
  start: 1690625048.5145566
