event_uptime:
  end: 1690625453.0828958
  start: 1690625048.8260696
