event_sleeping:
  end: 1690625048.9346843
  start: 1690625048.9346704
