event_sleeping:
  end: 1690625049.143397
  start: 1690625049.1433837
