event_uptime:
  end: 1690625453.0455685
  start: 1690625049.1408715
