event_uptime:
  end: 1690625452.989973
  start: 1690625049.0111175
