event_uptime:
  end: 1690625453.1022804
  start: 1690625049.180396
