event_sleeping:
  end: 1690625048.5563707
  start: 1690625048.556355
