event_sleeping:
  end: 1690625048.82272
  start: 1690625048.8226998
