event_sleeping:
  end: 1690625048.6306617
  start: 1690625048.6306374
