event_uptime:
  end: 1690625453.0259316
  start: 1690625048.511315
