event_uptime:
  end: 1690625589.233778
  start: 1690625048.8147297
