event_sleeping:
  end: 1690625048.8320806
  start: 1690625048.8320665
