event_uptime:
  end: 1690625589.1429439
  start: 1690625049.142027
