event_uptime:
  end: 1690625589.118588
  start: 1690625049.053885
