event_uptime:
  end: 1690625589.2024157
  start: 1690625048.5583947
