event_uptime:
  end: 1690625589.1152651
  start: 1690625048.8565838
