event_uptime:
  end: 1690625589.1855628
  start: 1690625048.8308532
