event_sleeping:
  end: 1690625049.0495353
  start: 1690625049.0495057
