event_sleeping:
  end: 1690625048.5798492
  start: 1690625048.5798352
