event_uptime:
  end: 1690625589.0415685
  start: 1690625048.9950254
