event_sleeping:
  end: 1690625049.1147308
  start: 1690625049.1147227
