event_uptime:
  end: 1690625589.2504275
  start: 1690625049.1186013
