event_sleeping:
  end: 1690625048.7376153
  start: 1690625048.7376027
