event_sleeping:
  end: 1690625048.5127869
  start: 1690625048.512773
