event_sleeping:
  end: 1690625048.514068
  start: 1690625048.514053
