event_uptime:
  end: 1690625589.2187574
  start: 1690625048.584962
