event_uptime:
  end: 1690625589.2791595
  start: 1690625049.117717
