event_sleeping:
  end: 1690625049.1381364
  start: 1690625049.13812
