event_uptime:
  end: 1690625589.11018
  start: 1690625048.7618608
