event_uptime:
  end: 1690625589.1735706
  start: 1690625048.7377028
