event_uptime:
  end: 1690625589.1584902
  start: 1690625048.9326384
