event_uptime:
  end: 1690625589.0804105
  start: 1690625048.558125
