event_sleeping:
  end: 1690625048.9038453
  start: 1690625048.9038167
