event_sleeping:
  end: 1690625048.709391
  start: 1690625048.7093773
