event_sleeping:
  end: 1690625048.7625766
  start: 1690625048.7625635
