event_sleeping:
  end: 1690625048.5134509
  start: 1690625048.5134363
