event_sleeping:
  end: 1690625049.1149154
  start: 1690625049.1149085
