event_sleeping:
  end: 1690625048.8279305
  start: 1690625048.8279154
