event_sleeping:
  end: 1690625048.9707732
  start: 1690625048.9707577
