event_uptime:
  end: 1690625352.258552
  start: 1690625049.1781895
