event_uptime:
  end: 1690625352.3956435
  start: 1690625048.715297
