event_sleeping:
  end: 1690625048.9320512
  start: 1690625048.9320383
