event_sleeping:
  end: 1690625049.141906
  start: 1690625049.1418927
