event_uptime:
  end: 1690625352.2662315
  start: 1690625048.9494987
