event_uptime:
  end: 1690625352.3030593
  start: 1690625048.9266233
