event_uptime:
  end: 1690625352.2541842
  start: 1690625048.8313034
