event_sleeping:
  end: 1690625049.1178734
  start: 1690625049.1178563
