event_sleeping:
  end: 1690625048.5087643
  start: 1690625048.50875
