event_sleeping:
  end: 1690625048.8260264
  start: 1690625048.8260138
