event_sleeping:
  end: 1690625048.7136528
  start: 1690625048.7136397
