event_uptime:
  end: 1690625352.2904341
  start: 1690625049.0311286
