event_uptime:
  end: 1690625352.363073
  start: 1690625048.5128126
