event_sleeping:
  end: 1690625048.708804
  start: 1690625048.7087893
