event_sleeping:
  end: 1690625048.8563998
  start: 1690625048.8563867
