event_uptime:
  end: 1690625352.4068503
  start: 1690625048.5114884
