event_uptime:
  end: 1690625352.4259424
  start: 1690625048.634328
