event_sleeping:
  end: 1690625048.5076516
  start: 1690625048.507501
