event_sleeping:
  end: 1690625048.5112834
  start: 1690625048.5112681
