event_sleeping:
  end: 1690625049.0538409
  start: 1690625049.053828
