event_uptime:
  end: 1690625352.3269064
  start: 1690625048.8265605
