event_sleeping:
  end: 1690625048.994286
  start: 1690625048.9942713
