event_uptime:
  end: 1690625352.3696826
  start: 1690625048.731788
