event_sleeping:
  end: 1690625048.583471
  start: 1690625048.583457
