event_uptime:
  end: 1690625352.3503067
  start: 1690625048.7681696
