event_sleeping:
  end: 1690625048.8215573
  start: 1690625048.8215437
