event_uptime:
  end: 1690625352.4429553
  start: 1690625049.112084
