event_sleeping:
  end: 1690625048.761436
  start: 1690625048.7614222
