event_uptime:
  end: 1690625352.274502
  start: 1690625049.1346138
