event_uptime:
  end: 1690626367.3474934
  start: 1690626299.5348547
