event_sleeping:
  end: 1690626299.5139868
  start: 1690626299.5139706
