event_uptime:
  end: 1690626703.5585494
  start: 1690626299.5379913
