event_sleeping:
  end: 1690626299.816287
  start: 1690626299.8162704
