event_sleeping:
  end: 1690626299.5046482
  start: 1690626299.5046246
