event_uptime:
  end: 1690626703.4775138
  start: 1690626299.5100899
