event_sleeping:
  end: 1690626299.5627568
  start: 1690626299.5627358
