event_sleeping:
  end: 1690626299.6290805
  start: 1690626299.6290662
