event_sleeping:
  end: 1690626299.5128772
  start: 1690626299.5128624
