event_uptime:
  end: 1690626703.6419787
  start: 1690626299.6281157
