event_uptime:
  end: 1690626703.5707839
  start: 1690626299.820413
