event_uptime:
  end: 1690626703.5381632
  start: 1690626299.7852201
