event_uptime:
  end: 1690626703.5905967
  start: 1690626299.5084107
