event_uptime:
  end: 1690626703.6627798
  start: 1690626299.8229952
