event_sleeping:
  end: 1690626299.6069458
  start: 1690626299.606923
