event_uptime:
  end: 1690626703.6020703
  start: 1690626299.6494348
