event_sleeping:
  end: 1690626299.5070577
  start: 1690626299.5070322
