event_uptime:
  end: 1690626703.6219385
  start: 1690626299.7397556
