event_sleeping:
  end: 1690626299.782132
  start: 1690626299.7818444
