event_sleeping:
  end: 1690626299.784905
  start: 1690626299.7848709
