event_uptime:
  end: 1690626703.5291796
  start: 1690626299.589452
