event_sleeping:
  end: 1690626299.6886702
  start: 1690626299.688655
