event_uptime:
  end: 1690626839.6213086
  start: 1690626299.5127342
