event_uptime:
  end: 1690626839.6709151
  start: 1690626299.5607696
