event_sleeping:
  end: 1690626299.5407805
  start: 1690626299.5407674
