event_sleeping:
  end: 1690626299.6280208
  start: 1690626299.6280036
