event_uptime:
  end: 1690626839.5901253
  start: 1690626299.5432346
