event_sleeping:
  end: 1690626299.5017593
  start: 1690626299.5017426
