event_sleeping:
  end: 1690626299.5069199
  start: 1690626299.5068982
