event_sleeping:
  end: 1690626299.743003
  start: 1690626299.7429893
