event_sleeping:
  end: 1690626299.5097852
  start: 1690626299.5097692
