event_sleeping:
  end: 1690626299.7856536
  start: 1690626299.785632
