event_uptime:
  end: 1690626839.6161108
  start: 1690626299.5046804
