event_uptime:
  end: 1690626839.7104945
  start: 1690626299.8218663
