event_uptime:
  end: 1690626839.663059
  start: 1690626299.5148563
