event_uptime:
  end: 1690626839.5834968
  start: 1690626299.7812402
