event_uptime:
  end: 1690626839.699037
  start: 1690626299.78535
