event_sleeping:
  end: 1690626299.5398333
  start: 1690626299.5398116
