event_sleeping:
  end: 1690626299.7820206
  start: 1690626299.7820036
