event_sleeping:
  end: 1690626299.742206
  start: 1690626299.7421923
