event_uptime:
  end: 1690626839.7256556
  start: 1690626299.7449725
