event_uptime:
  end: 1690626839.6508503
  start: 1690626299.6475992
