event_sleeping:
  end: 1690626299.5021672
  start: 1690626299.5021474
