event_uptime:
  end: 1690626602.8782704
  start: 1690626299.5134711
