event_uptime:
  end: 1690626602.926253
  start: 1690626299.8395245
