event_uptime:
  end: 1690626602.8464088
  start: 1690626299.5384378
