event_sleeping:
  end: 1690626299.5076387
  start: 1690626299.5076246
