event_sleeping:
  end: 1690626299.780974
  start: 1690626299.7809548
