event_sleeping:
  end: 1690626299.5658805
  start: 1690626299.5658584
