event_uptime:
  end: 1690626602.7983048
  start: 1690626299.7824104
