event_uptime:
  end: 1690626602.9173794
  start: 1690626299.6715121
