event_sleeping:
  end: 1690626299.6441693
  start: 1690626299.6441472
