event_uptime:
  end: 1690626602.906875
  start: 1690626299.6659489
