event_sleeping:
  end: 1690626299.744579
  start: 1690626299.7445657
