event_uptime:
  end: 1690626602.834986
  start: 1690626299.568679
