event_sleeping:
  end: 1690626299.5057483
  start: 1690626299.5057316
