event_sleeping:
  end: 1690626299.5085568
  start: 1690626299.508544
