event_uptime:
  end: 1690626602.7704048
  start: 1690626299.5107417
