event_uptime:
  end: 1690626602.8914082
  start: 1690626299.5066001
