event_sleeping:
  end: 1690626299.7845557
  start: 1690626299.7845418
