event_sleeping:
  end: 1690626299.6499748
  start: 1690626299.6499527
