event_uptime:
  end: 1690626602.813976
  start: 1690626299.8165321
