event_uptime:
  end: 1690470914.2630298
  start: 1690470844.2784295
