event_sleeping:
  end: 1690470844.275237
  start: 1690470844.2752197
