event_sleeping:
  end: 1690470844.2781188
  start: 1690470844.2781065
