event_sleeping:
  end: 1690470844.3729086
  start: 1690470844.3728883
