event_uptime:
  end: 1690470909.6709604
  start: 1690470844.4506612
