event_sleeping:
  end: 1690470844.430143
  start: 1690470844.43011
