event_sleeping:
  end: 1690470844.4313726
  start: 1690470844.4313571
