event_uptime:
  end: 1690470904.0310903
  start: 1690470844.299309
