event_uptime:
  end: 1690470939.8349888
  start: 1690470844.3910131
