event_uptime:
  end: 1690470929.363329
  start: 1690470844.3875952
