event_uptime:
  end: 1690470917.788446
  start: 1690470844.4492617
