event_sleeping:
  end: 1690470844.429609
  start: 1690470844.4295902
