event_uptime:
  end: 1690470913.6997821
  start: 1690470844.4504066
