event_sleeping:
  end: 1690470844.3591614
  start: 1690470844.3591442
