event_uptime:
  end: 1690470921.6715178
  start: 1690470844.2953544
