event_sleeping:
  end: 1690470844.2803934
  start: 1690470844.2802432
