event_sleeping:
  end: 1690470844.2722554
  start: 1690470844.2722435
