event_uptime:
  end: 1690470910.0947938
  start: 1690470844.2758431
