event_sleeping:
  end: 1690470844.2782965
  start: 1690470844.2782845
