event_uptime:
  end: 1690470932.068874
  start: 1690470844.2808895
