event_uptime:
  end: 1690470903.6598282
  start: 1690470844.3013163
