event_sleeping:
  end: 1690470844.281088
  start: 1690470844.281069
