event_uptime:
  end: 1690470911.0994265
  start: 1690470844.277847
