event_sleeping:
  end: 1690470844.2726212
  start: 1690470844.2725892
