event_uptime:
  end: 1690470913.144136
  start: 1690470844.3016088
