event_sleeping:
  end: 1690470844.2789924
  start: 1690470844.278971
