event_sleeping:
  end: 1690470844.3162713
  start: 1690470844.3162456
