event_uptime:
  end: 1690470900.3994823
  start: 1690470844.3336906
