event_sleeping:
  end: 1690470844.3184295
  start: 1690470844.3184092
