event_uptime:
  end: 1690470926.6031792
  start: 1690470844.33484
