event_uptime:
  end: 1690470856.352331
  start: 1690470844.2787435
