event_sleeping:
  end: 1690470844.2731526
  start: 1690470844.2731352
