event_sleeping:
  end: 1690470844.2743042
  start: 1690470844.2742903
