event_uptime:
  end: 1690470877.5656548
  start: 1690470844.2774332
