event_uptime:
  end: 1690582383.9119823
  start: 1690582272.544295
