event_sleeping:
  end: 1690582272.5410078
  start: 1690582272.5409884
