event_uptime:
  end: 1690582377.7439966
  start: 1690582272.5448415
