event_sleeping:
  end: 1690582272.539085
  start: 1690582272.5390654
