event_sleeping:
  end: 1690582272.5408149
  start: 1690582272.5407999
