event_uptime:
  end: 1690582387.777135
  start: 1690582272.5438995
