event_sleeping:
  end: 1690582272.5441515
  start: 1690582272.544135
