event_uptime:
  end: 1690582380.8696837
  start: 1690582272.581524
