event_uptime:
  end: 1690582427.4394238
  start: 1690582272.5460827
