event_sleeping:
  end: 1690582272.5433679
  start: 1690582272.54334
