event_uptime:
  end: 1690582375.4710782
  start: 1690582272.544946
