event_sleeping:
  end: 1690582272.5413291
  start: 1690582272.5413108
