event_uptime:
  end: 1690582380.77194
  start: 1690582272.5810037
