event_sleeping:
  end: 1690582272.5451953
  start: 1690582272.5451767
