event_uptime:
  end: 1690582384.6917896
  start: 1690582272.580829
