event_sleeping:
  end: 1690582272.5459526
  start: 1690582272.5459328
