event_uptime:
  end: 1690582375.111456
  start: 1690582272.57683
