event_sleeping:
  end: 1690582272.5466535
  start: 1690582272.5466166
