event_sleeping:
  end: 1690582272.56516
  start: 1690582272.565144
