event_uptime:
  end: 1690582399.6598768
  start: 1690582272.613688
