event_sleeping:
  end: 1690582272.5361211
  start: 1690582272.5361078
