event_uptime:
  end: 1690582312.5467527
  start: 1690582272.5397222
