event_sleeping:
  end: 1690582272.538927
  start: 1690582272.5389087
