event_uptime:
  end: 1690582339.5009084
  start: 1690582272.5414288
