event_sleeping:
  end: 1690581875.8452744
  start: 1690581875.8452618
