event_uptime:
  end: 1690581945.4059532
  start: 1690581875.848916
