event_uptime:
  end: 1690581935.191904
  start: 1690581875.8450916
