event_sleeping:
  end: 1690581875.8413446
  start: 1690581875.8413284
