event_sleeping:
  end: 1690581875.847423
  start: 1690581875.8474092
