event_uptime:
  end: 1690581952.762176
  start: 1690581875.8735933
