event_uptime:
  end: 1690581941.3092508
  start: 1690581875.8490899
