event_sleeping:
  end: 1690581875.8441713
  start: 1690581875.844159
