event_sleeping:
  end: 1690581875.8415012
  start: 1690581875.841483
