event_uptime:
  end: 1690581963.2721062
  start: 1690581875.8447697
