event_sleeping:
  end: 1690581875.8459477
  start: 1690581875.8459353
