event_uptime:
  end: 1690581934.8607335
  start: 1690581875.8708699
