event_sleeping:
  end: 1690581875.8898227
  start: 1690581875.8898044
