event_uptime:
  end: 1690581942.3151402
  start: 1690581875.9091115
