event_sleeping:
  end: 1690581875.8484774
  start: 1690581875.8484645
