event_uptime:
  end: 1690581944.3950136
  start: 1690581875.868215
