event_uptime:
  end: 1690581931.59841
  start: 1690581875.9034271
