event_sleeping:
  end: 1690581875.8751345
  start: 1690581875.875115
