event_uptime:
  end: 1690581957.836118
  start: 1690581875.9072807
