event_sleeping:
  end: 1690581875.8749585
  start: 1690581875.8749394
