event_uptime:
  end: 1690581888.0804126
  start: 1690581875.8746784
