event_sleeping:
  end: 1690581875.8493288
  start: 1690581875.8493085
