event_uptime:
  end: 1690581908.603845
  start: 1690581875.8498614
