event_sleeping:
  end: 1690581875.8466678
  start: 1690581875.8466573
