event_sleeping:
  end: 1690487882.574066
  start: 1690487882.5740557
