event_sleeping:
  end: 1690487882.4254742
  start: 1690487882.4254575
