event_sleeping:
  end: 1690487882.0663657
  start: 1690487882.0663514
