event_sleeping:
  end: 1690487882.337109
  start: 1690487882.3370855
