event_sleeping:
  end: 1690487882.3978143
  start: 1690487882.3977985
