event_sleeping:
  end: 1690487882.1033862
  start: 1690487882.1033728
