event_sleeping:
  end: 1690487882.832871
  start: 1690487882.8328567
