event_sleeping:
  end: 1690487882.3625064
  start: 1690487882.3624926
