event_sleeping:
  end: 1690487882.2325723
  start: 1690487882.2325568
