event_sleeping:
  end: 1690487882.699057
  start: 1690487882.6990314
