event_sleeping:
  end: 1690487882.2622964
  start: 1690487882.2622814
