event_sleeping:
  end: 1690487882.7086627
  start: 1690487882.708649
