event_sleeping:
  end: 1690487883.029973
  start: 1690487883.0299604
