event_sleeping:
  end: 1690487882.1061845
  start: 1690487882.106172
