event_sleeping:
  end: 1690487882.4740515
  start: 1690487882.4740384
