event_sleeping:
  end: 1690487882.474391
  start: 1690487882.4743197
