event_sleeping:
  end: 1690487882.2370896
  start: 1690487882.237077
