event_sleeping:
  end: 1690487882.1369267
  start: 1690487882.1369138
