event_sleeping:
  end: 1690487882.7013426
  start: 1690487882.7013268
