event_sleeping:
  end: 1690487882.261207
  start: 1690487882.2611911
