event_sleeping:
  end: 1690487882.3104339
  start: 1690487882.3104215
