event_sleeping:
  end: 1690487882.708887
  start: 1690487882.7088718
