event_sleeping:
  end: 1690487882.367794
  start: 1690487882.3677776
