event_sleeping:
  end: 1690487882.0698996
  start: 1690487882.0698674
