event_sleeping:
  end: 1690487882.3381484
  start: 1690487882.3381348
