event_sleeping:
  end: 1690487882.4786594
  start: 1690487882.4786415
