event_sleeping:
  end: 1690487883.0259984
  start: 1690487883.025991
