event_sleeping:
  end: 1690487882.423625
  start: 1690487882.4236104
