event_sleeping:
  end: 1690487882.1020515
  start: 1690487882.1020336
