event_sleeping:
  end: 1690487882.7742498
  start: 1690487882.7742357
