event_sleeping:
  end: 1690487882.0659215
  start: 1690487882.0659022
