event_sleeping:
  end: 1690487882.2634857
  start: 1690487882.2634716
