event_sleeping:
  end: 1690487882.188336
  start: 1690487882.1883173
