event_sleeping:
  end: 1690487882.7121928
  start: 1690487882.7121778
