event_sleeping:
  end: 1690487882.3101697
  start: 1690487882.3101382
