event_sleeping:
  end: 1690487882.3661127
  start: 1690487882.3660977
