event_sleeping:
  end: 1690487882.705901
  start: 1690487882.7058449
