event_sleeping:
  end: 1690487882.072537
  start: 1690487882.0717752
