event_sleeping:
  end: 1690487882.2356284
  start: 1690487882.235613
