event_sleeping:
  end: 1690487882.395723
  start: 1690487882.3957076
