event_sleeping:
  end: 1690487882.5703337
  start: 1690487882.570314
