event_sleeping:
  end: 1690487883.085899
  start: 1690487883.085882
