event_sleeping:
  end: 1690487882.42469
  start: 1690487882.424676
