event_sleeping:
  end: 1690487882.1290174
  start: 1690487882.1289802
