event_sleeping:
  end: 1690487882.5030482
  start: 1690487882.5030334
