event_sleeping:
  end: 1690487882.775101
  start: 1690487882.7748232
