event_sleeping:
  end: 1690487882.0707104
  start: 1690487882.0706975
