event_sleeping:
  end: 1690487882.4740813
  start: 1690487882.4738646
