event_sleeping:
  end: 1690487883.090725
  start: 1690487883.0907087
