event_sleeping:
  end: 1690487882.2404826
  start: 1690487882.2404673
