event_sleeping:
  end: 1690487882.1349883
  start: 1690487882.1349714
