event_sleeping:
  end: 1690487882.4175088
  start: 1690487882.4174862
