event_sleeping:
  end: 1690487882.3378785
  start: 1690487882.3369153
