event_sleeping:
  end: 1690487882.2314205
  start: 1690487882.2314065
