event_sleeping:
  end: 1690487882.712451
  start: 1690487882.7124345
