event_sleeping:
  end: 1690487882.4775524
  start: 1690487882.477522
