event_sleeping:
  end: 1690487882.679094
  start: 1690487882.6790657
