event_sleeping:
  end: 1690487882.3871148
  start: 1690487882.3688328
