event_sleeping:
  end: 1690487883.025595
  start: 1690487883.0255723
