event_sleeping:
  end: 1690487882.707285
  start: 1690487882.707271
