event_sleeping:
  end: 1690487882.3096824
  start: 1690487882.3096685
