event_sleeping:
  end: 1690487882.0672202
  start: 1690487882.0672052
