event_sleeping:
  end: 1690487882.5034335
  start: 1690487882.5034215
