event_sleeping:
  end: 1690487882.1633348
  start: 1690487882.1633222
