event_sleeping:
  end: 1690487883.0910141
  start: 1690487883.0910068
