event_sleeping:
  end: 1690487882.7085123
  start: 1690487882.7084978
