event_sleeping:
  end: 1690487882.188997
  start: 1690487882.1889844
