event_sleeping:
  end: 1690487882.3587155
  start: 1690487882.358688
