event_sleeping:
  end: 1690487882.2668777
  start: 1690487882.266353
