event_sleeping:
  end: 1690487882.2378488
  start: 1690487882.2378361
