event_sleeping:
  end: 1690487882.422042
  start: 1690487882.4220283
