event_sleeping:
  end: 1690487882.4733498
  start: 1690487882.473336
