event_sleeping:
  end: 1690487882.6355665
  start: 1690487882.6355264
