event_sleeping:
  end: 1690487882.770678
  start: 1690487882.7706594
