event_sleeping:
  end: 1690487882.3354523
  start: 1690487882.3354394
