event_sleeping:
  end: 1690487882.926731
  start: 1690487882.9267194
