event_sleeping:
  end: 1690345977.9401758
  start: 1690345977.9401722
