event_sleeping:
  end: 1690345977.937784
  start: 1690345977.9377801
