event_sleeping:
  end: 1690345977.936737
  start: 1690345977.936733
