event_sleeping:
  end: 1690345977.938745
  start: 1690345977.938741
