event_sleeping:
  end: 1690345977.940346
  start: 1690345977.940342
