event_sleeping:
  end: 1690345977.9380255
  start: 1690345977.9380221
