event_sleeping:
  end: 1690345977.9356928
  start: 1690345977.935689
