event_sleeping:
  end: 1690345977.9443364
  start: 1690345977.9443326
