event_sleeping:
  end: 1690345977.9391665
  start: 1690345977.9391623
