event_sleeping:
  end: 1690345977.9435658
  start: 1690345977.9435618
