event_sleeping:
  end: 1690345977.9373765
  start: 1690345977.9373724
