event_uptime:
  end: 1690631236.7570276
  start: 1690631170.1082308
