event_sleeping:
  end: 1690631170.104085
  start: 1690631170.1040616
