event_uptime:
  end: 1690631573.1434102
  start: 1690631170.147507
