event_sleeping:
  end: 1690631170.1076531
  start: 1690631170.1074827
