event_sleeping:
  end: 1690631170.1048625
  start: 1690631170.1048498
