event_uptime:
  end: 1690631573.1513138
  start: 1690631170.147207
