event_sleeping:
  end: 1690631170.1046088
  start: 1690631170.104591
