event_sleeping:
  end: 1690631170.1089985
  start: 1690631170.1089804
