event_uptime:
  end: 1690631709.1841786
  start: 1690631170.1264725
