event_uptime:
  end: 1690631709.2061775
  start: 1690631170.1090927
