event_sleeping:
  end: 1690631170.1082027
  start: 1690631170.1081843
