event_uptime:
  end: 1690631472.404345
  start: 1690631170.1103516
