event_uptime:
  end: 1690631472.4153576
  start: 1690631170.1431618
