event_sleeping:
  end: 1690595190.4283092
  start: 1690595190.428294
