event_sleeping:
  end: 1690595190.4282598
  start: 1690595190.4281049
