event_sleeping:
  end: 1690595190.4291172
  start: 1690595190.4291058
