event_sleeping:
  end: 1690595190.4319036
  start: 1690595190.4318812
