event_sleeping:
  end: 1690595190.4288337
  start: 1690595190.4288204
