event_sleeping:
  end: 1690595190.428649
  start: 1690595190.4286373
