event_sleeping:
  end: 1690420362.585851
  start: 1690420362.5858371
