event_sleeping:
  end: 1690420363.0024376
  start: 1690420363.0014012
