event_sleeping:
  end: 1690420362.8185697
  start: 1690420362.8185396
