event_sleeping:
  end: 1690420362.6590402
  start: 1690420362.6590252
