event_sleeping:
  end: 1690420362.8427305
  start: 1690420362.8427165
