event_sleeping:
  end: 1690420363.0244434
  start: 1690420363.0244267
