event_sleeping:
  end: 1690420362.9530544
  start: 1690420362.9530392
