event_sleeping:
  end: 1690420362.689139
  start: 1690420362.6891234
