event_sleeping:
  end: 1690420362.591628
  start: 1690420362.5916135
