event_sleeping:
  end: 1690420362.9746294
  start: 1690420362.9746153
