event_sleeping:
  end: 1690420362.5938473
  start: 1690420362.5938332
