event_sleeping:
  end: 1690420363.06677
  start: 1690420363.0667436
