event_sleeping:
  end: 1690420362.813709
  start: 1690420362.8136933
