event_sleeping:
  end: 1690420362.9533505
  start: 1690420362.9533298
