event_sleeping:
  end: 1690420362.9093652
  start: 1690420362.9093487
