event_sleeping:
  end: 1690420362.6628852
  start: 1690420362.6628647
