event_sleeping:
  end: 1690420362.9757307
  start: 1690420362.9757164
