event_sleeping:
  end: 1690420362.6843781
  start: 1690420362.6843517
