event_sleeping:
  end: 1690420362.582485
  start: 1690420362.5824718
