event_sleeping:
  end: 1690420363.0017483
  start: 1690420363.0017335
