event_sleeping:
  end: 1690420362.840642
  start: 1690420362.840627
