event_sleeping:
  end: 1690420362.8390987
  start: 1690420362.839085
