event_sleeping:
  end: 1690420362.665678
  start: 1690420362.6656604
