event_sleeping:
  end: 1690420362.721693
  start: 1690420362.7216725
