event_sleeping:
  end: 1690420362.5838592
  start: 1690420362.5838423
