event_sleeping:
  end: 1690420362.9749665
  start: 1690420362.9749532
