event_sleeping:
  end: 1690420362.5893323
  start: 1690420362.5893166
