event_sleeping:
  end: 1690420363.023462
  start: 1690420363.0234451
