event_sleeping:
  end: 1690420363.04668
  start: 1690420363.0466554
