event_sleeping:
  end: 1690420362.9780529
  start: 1690420362.9780407
