event_sleeping:
  end: 1690420362.997262
  start: 1690420362.9972284
