event_sleeping:
  end: 1690420362.8403728
  start: 1690420362.8403587
