event_sleeping:
  end: 1690420362.9332664
  start: 1690420362.933251
