event_sleeping:
  end: 1690420362.637669
  start: 1690420362.6376493
