event_sleeping:
  end: 1690420362.9746563
  start: 1690420362.974462
