event_sleeping:
  end: 1690420362.5899465
  start: 1690420362.589933
