event_sleeping:
  end: 1690420362.797882
  start: 1690420362.7978675
