event_sleeping:
  end: 1690420363.0240932
  start: 1690420363.024075
