event_sleeping:
  end: 1690420362.6677704
  start: 1690420362.6677563
