event_sleeping:
  end: 1690420362.6346443
  start: 1690420362.5965092
