event_sleeping:
  end: 1690420362.9130387
  start: 1690420362.913012
