event_sleeping:
  end: 1690420362.8163965
  start: 1690420362.816381
