event_sleeping:
  end: 1690420362.7919226
  start: 1690420362.791905
