event_sleeping:
  end: 1690420363.0832784
  start: 1690420363.0832646
