event_sleeping:
  end: 1690420362.973618
  start: 1690420362.9736035
