event_sleeping:
  end: 1690420363.023732
  start: 1690420363.0237162
