event_sleeping:
  end: 1690420362.6652534
  start: 1690420362.6652362
