event_sleeping:
  end: 1690420362.5902543
  start: 1690420362.5902352
