event_sleeping:
  end: 1690420363.0010998
  start: 1690420363.0010843
