event_uptime:
  end: 1690430242.3760376
  start: 1690430175.8949473
