event_sleeping:
  end: 1690430175.8930058
  start: 1690430175.892999
