event_uptime:
  end: 1690430578.7251077
  start: 1690430175.8964005
