event_sleeping:
  end: 1690430175.8932042
  start: 1690430175.893197
