event_sleeping:
  end: 1690430175.8935452
  start: 1690430175.8935382
