event_uptime:
  end: 1690430714.8170211
  start: 1690430175.9369688
