event_uptime:
  end: 1690430477.9957545
  start: 1690430175.8955636
