event_sleeping:
  end: 1690430175.8933778
  start: 1690430175.8933704
