event_sleeping:
  end: 1690539762.2142448
  start: 1690539762.2142286
