event_sleeping:
  end: 1690539762.4123259
  start: 1690539762.4123101
