event_sleeping:
  end: 1690539762.328651
  start: 1690539762.328637
