event_sleeping:
  end: 1690539762.3538492
  start: 1690539762.353836
