event_sleeping:
  end: 1690539762.1144009
  start: 1690539762.1143818
