event_sleeping:
  end: 1690539762.4642842
  start: 1690539762.4642644
