event_sleeping:
  end: 1690539762.404312
  start: 1690539762.404293
