event_sleeping:
  end: 1690539762.1047723
  start: 1690539762.1047533
