event_sleeping:
  end: 1690539762.6577883
  start: 1690539762.6577759
