event_sleeping:
  end: 1690539762.6151686
  start: 1690539762.6151552
