event_sleeping:
  end: 1690539762.1459916
  start: 1690539762.1459785
