event_sleeping:
  end: 1690539762.1084063
  start: 1690539762.1083908
