event_sleeping:
  end: 1690539762.3066306
  start: 1690539762.306615
