event_sleeping:
  end: 1690539762.5768368
  start: 1690539762.5768151
