event_sleeping:
  end: 1690539762.4049013
  start: 1690539762.4048786
