event_sleeping:
  end: 1690539762.4094348
  start: 1690539762.4094212
