event_sleeping:
  end: 1690539762.4625223
  start: 1690539762.4625082
