event_sleeping:
  end: 1690539762.6580083
  start: 1690539762.6579957
