event_sleeping:
  end: 1690539762.1119654
  start: 1690539762.1119483
