event_sleeping:
  end: 1690539762.2817583
  start: 1690539762.2817426
