event_sleeping:
  end: 1690539762.4998777
  start: 1690539762.4998636
