event_sleeping:
  end: 1690539762.614562
  start: 1690539762.6145399
