event_sleeping:
  end: 1690539762.3472161
  start: 1690539762.3471847
