event_sleeping:
  end: 1690539762.1452844
  start: 1690539762.145226
