event_sleeping:
  end: 1690539762.1071558
  start: 1690539762.1071339
