event_sleeping:
  end: 1690539762.4142244
  start: 1690539762.4141436
