event_sleeping:
  end: 1690539762.236514
  start: 1690539762.2364986
