event_sleeping:
  end: 1690539762.408454
  start: 1690539762.4084396
