event_sleeping:
  end: 1690539762.353434
  start: 1690539762.353422
