event_sleeping:
  end: 1690539762.6829114
  start: 1690539762.6828957
