event_sleeping:
  end: 1690539762.1050944
  start: 1690539762.1050432
