event_sleeping:
  end: 1690539762.4620876
  start: 1690539762.4620697
