event_sleeping:
  end: 1690539762.1137834
  start: 1690539762.113763
