event_sleeping:
  end: 1690539762.1409593
  start: 1690539762.1409237
