event_sleeping:
  end: 1690539762.4026005
  start: 1690539762.4025826
