event_sleeping:
  end: 1690539762.6549544
  start: 1690539762.6549394
