event_sleeping:
  end: 1690539762.3550303
  start: 1690539762.3550127
