event_sleeping:
  end: 1690539762.7453094
  start: 1690539762.745294
