event_sleeping:
  end: 1690539762.3307242
  start: 1690539762.3307114
