event_sleeping:
  end: 1690539762.409696
  start: 1690539762.4096751
