event_sleeping:
  end: 1690539762.2572336
  start: 1690539762.2572196
