event_sleeping:
  end: 1690539762.4327958
  start: 1690539762.4327416
