event_sleeping:
  end: 1690539762.2842097
  start: 1690539762.2841957
