event_sleeping:
  end: 1690539762.5004468
  start: 1690539762.5004299
