event_sleeping:
  end: 1690539762.4019918
  start: 1690539762.4019766
