event_sleeping:
  end: 1690539762.1161578
  start: 1690539762.116141
