event_sleeping:
  end: 1690539762.652095
  start: 1690539762.6520767
