event_sleeping:
  end: 1690539762.6760886
  start: 1690539762.6760678
