event_sleeping:
  end: 1690539762.4137661
  start: 1690539762.413753
