event_sleeping:
  end: 1690539762.4391627
  start: 1690539762.439147
