event_sleeping:
  end: 1690539762.1092908
  start: 1690539762.1092553
