event_uptime:
  end: 1690593577.520322
  start: 1690593509.1388268
