event_sleeping:
  end: 1690593509.109915
  start: 1690593509.109903
