event_sleeping:
  end: 1690593509.364781
  start: 1690593509.364766
