event_uptime:
  end: 1690593913.816709
  start: 1690593509.159558
