event_uptime:
  end: 1690593913.7339652
  start: 1690593509.1568048
