event_sleeping:
  end: 1690593509.1068485
  start: 1690593509.1068323
