event_uptime:
  end: 1690593913.7761326
  start: 1690593509.1130574
