event_uptime:
  end: 1690593913.658038
  start: 1690593509.318833
