event_sleeping:
  end: 1690593509.108755
  start: 1690593509.1087372
