event_sleeping:
  end: 1690593509.5933435
  start: 1690593509.5933297
