event_sleeping:
  end: 1690593509.205176
  start: 1690593509.2051501
