event_uptime:
  end: 1690593913.835538
  start: 1690593509.390573
