event_sleeping:
  end: 1690593509.112088
  start: 1690593509.112074
