event_uptime:
  end: 1690593913.7598495
  start: 1690593509.4144917
