event_sleeping:
  end: 1690593509.510239
  start: 1690593509.510224
