event_sleeping:
  end: 1690593509.2823973
  start: 1690593509.2823832
