event_uptime:
  end: 1690593913.7916286
  start: 1690593509.1890562
