event_sleeping:
  end: 1690593509.3898144
  start: 1690593509.3897984
