event_sleeping:
  end: 1690593509.181501
  start: 1690593509.1814644
