event_uptime:
  end: 1690593913.7195199
  start: 1690593509.2256374
