event_uptime:
  end: 1690593913.6751795
  start: 1690593509.5318844
