event_uptime:
  end: 1690593913.7045615
  start: 1690593509.6113684
