event_uptime:
  end: 1690594049.9124985
  start: 1690593509.1045907
