event_uptime:
  end: 1690594049.8361442
  start: 1690593509.5049243
