event_sleeping:
  end: 1690593509.1855674
  start: 1690593509.1855543
