event_sleeping:
  end: 1690593509.225879
  start: 1690593509.2258666
