event_uptime:
  end: 1690594049.8681588
  start: 1690593509.190899
