event_uptime:
  end: 1690594049.8029509
  start: 1690593509.4130433
