event_uptime:
  end: 1690594049.8988655
  start: 1690593509.1360314
