event_sleeping:
  end: 1690593509.1324008
  start: 1690593509.1323607
