event_sleeping:
  end: 1690593509.5695488
  start: 1690593509.5695221
