event_sleeping:
  end: 1690593509.1023345
  start: 1690593509.1023178
