event_uptime:
  end: 1690594049.8914425
  start: 1690593509.103061
