event_sleeping:
  end: 1690593509.3892477
  start: 1690593509.3892338
