event_uptime:
  end: 1690594049.8461125
  start: 1690593509.5911078
