event_uptime:
  end: 1690594049.8233109
  start: 1690593509.3428688
