event_uptime:
  end: 1690594049.787895
  start: 1690593509.2796628
