event_sleeping:
  end: 1690593509.4713886
  start: 1690593509.4713688
