event_sleeping:
  end: 1690593509.110377
  start: 1690593509.1103542
