event_uptime:
  end: 1690594049.936673
  start: 1690593509.1619473
