event_sleeping:
  end: 1690593509.3351026
  start: 1690593509.3350837
