event_sleeping:
  end: 1690593509.1000345
  start: 1690593509.1000223
