event_sleeping:
  end: 1690593509.4087675
  start: 1690593509.4087372
