event_sleeping:
  end: 1690593509.1618848
  start: 1690593509.1618674
