event_sleeping:
  end: 1690593509.104386
  start: 1690593509.1043565
