event_sleeping:
  end: 1690593509.3424647
  start: 1690593509.3424501
