event_sleeping:
  end: 1690593509.1038916
  start: 1690593509.1038706
