event_uptime:
  end: 1690593813.0521228
  start: 1690593509.1650982
