event_uptime:
  end: 1690593812.9798706
  start: 1690593509.109473
