event_sleeping:
  end: 1690593509.5098622
  start: 1690593509.5098495
