event_uptime:
  end: 1690593813.0123122
  start: 1690593509.3867083
