event_sleeping:
  end: 1690593509.1590848
  start: 1690593509.1554978
