event_sleeping:
  end: 1690593509.188928
  start: 1690593509.188915
