event_uptime:
  end: 1690593812.9188392
  start: 1690593509.2246954
