event_sleeping:
  end: 1690593509.1080546
  start: 1690593509.1080394
