event_uptime:
  end: 1690593812.9966698
  start: 1690593509.1062315
