event_uptime:
  end: 1690593813.0326104
  start: 1690593509.1099448
