event_sleeping:
  end: 1690593509.3376083
  start: 1690593509.337583
