event_uptime:
  end: 1690593812.883188
  start: 1690593509.5287852
