event_uptime:
  end: 1690593812.9308639
  start: 1690593509.4147687
