event_uptime:
  end: 1690593812.951586
  start: 1690593509.1835167
