event_uptime:
  end: 1690593813.054454
  start: 1690593509.382454
