event_sleeping:
  end: 1690406201.689438
  start: 1690406201.6894166
