event_sleeping:
  end: 1690406201.686398
  start: 1690406201.6863856
