event_sleeping:
  end: 1690406201.689934
  start: 1690406201.6899204
