event_sleeping:
  end: 1690406201.6858976
  start: 1690406201.685883
