event_sleeping:
  end: 1690406201.6899924
  start: 1690406201.6897643
