event_sleeping:
  end: 1690406201.6866188
  start: 1690406201.6866047
