event_sleeping:
  end: 1690597333.1382954
  start: 1690597333.1382825
