event_sleeping:
  end: 1690597333.137983
  start: 1690597333.1376956
