event_sleeping:
  end: 1690597333.138411
  start: 1690597333.138404
