event_sleeping:
  end: 1690597333.1381996
  start: 1690597333.1381774
