event_uptime:
  end: 1690427274.4888332
  start: 1690427202.5680907
