event_sleeping:
  end: 1690427202.5629892
  start: 1690427202.562973
