event_uptime:
  end: 1690427625.979053
  start: 1690427202.608856
