event_uptime:
  end: 1690427625.9956021
  start: 1690427202.7437043
