event_uptime:
  end: 1690427625.9587257
  start: 1690427202.5903163
