event_uptime:
  end: 1690427625.935064
  start: 1690427202.6497033
