event_sleeping:
  end: 1690427202.712754
  start: 1690427202.712724
