event_uptime:
  end: 1690427626.0142817
  start: 1690427202.826354
