event_sleeping:
  end: 1690427202.6409705
  start: 1690427202.6409345
