event_sleeping:
  end: 1690427202.5685778
  start: 1690427202.5685596
