event_sleeping:
  end: 1690427202.7664325
  start: 1690427202.7664175
