event_sleeping:
  end: 1690427202.5669832
  start: 1690427202.5669687
