event_uptime:
  end: 1690427762.0707603
  start: 1690427202.665178
