event_sleeping:
  end: 1690427202.5648246
  start: 1690427202.5648093
