event_uptime:
  end: 1690427762.0480168
  start: 1690427202.6479611
