event_sleeping:
  end: 1690427202.6425865
  start: 1690427202.6425486
