event_sleeping:
  end: 1690427202.56806
  start: 1690427202.5680456
