event_uptime:
  end: 1690427762.17424
  start: 1690427202.6058044
