event_uptime:
  end: 1690427762.1109626
  start: 1690427202.5682306
