event_sleeping:
  end: 1690427202.762178
  start: 1690427202.7621415
