event_sleeping:
  end: 1690427202.6495543
  start: 1690427202.64954
