event_uptime:
  end: 1690427762.0912504
  start: 1690427202.7657301
