event_uptime:
  end: 1690427521.4663928
  start: 1690427202.7297738
