event_uptime:
  end: 1690427521.4248946
  start: 1690427202.587222
