event_sleeping:
  end: 1690427202.563659
  start: 1690427202.5636265
