event_sleeping:
  end: 1690427202.6479266
  start: 1690427202.6479135
