event_sleeping:
  end: 1690427202.7132201
  start: 1690427202.7131937
