event_uptime:
  end: 1690427521.4551115
  start: 1690427202.569547
