event_sleeping:
  end: 1690427202.565462
  start: 1690427202.5654502
