event_uptime:
  end: 1690427521.4819894
  start: 1690427202.5665174
