event_uptime:
  end: 1690427521.4385233
  start: 1690427202.6499317
