event_sleeping:
  end: 1690427202.5709395
  start: 1690427202.5709033
