event_sleeping:
  end: 1690318729.8269463
  start: 1690318729.8269427
