event_sleeping:
  end: 1690318729.8188314
  start: 1690318729.8188295
