event_sleeping:
  end: 1690318729.8272278
  start: 1690318729.8272243
