event_sleeping:
  end: 1690318729.8479762
  start: 1690318729.8479724
