event_sleeping:
  end: 1690318729.8405898
  start: 1690318729.8405857
