event_sleeping:
  end: 1690318729.8430371
  start: 1690318729.8430336
