event_sleeping:
  end: 1690318729.8476632
  start: 1690318729.8476593
