event_sleeping:
  end: 1690318729.8185804
  start: 1690318729.8185785
