event_sleeping:
  end: 1690318729.8212128
  start: 1690318729.8212104
