event_sleeping:
  end: 1690318729.8272996
  start: 1690318729.8272958
