event_sleeping:
  end: 1690318729.854447
  start: 1690318729.854443
