event_sleeping:
  end: 1690318729.819064
  start: 1690318729.8190618
