event_sleeping:
  end: 1690318729.827159
  start: 1690318729.8271554
