event_sleeping:
  end: 1690318729.8183246
  start: 1690318729.8183222
