event_sleeping:
  end: 1690318729.8278565
  start: 1690318729.8278537
