event_sleeping:
  end: 1690318729.8487961
  start: 1690318729.8487923
