event_sleeping:
  end: 1690318729.843815
  start: 1690318729.843811
