event_sleeping:
  end: 1690318729.8270926
  start: 1690318729.8270886
