event_sleeping:
  end: 1690318729.8427112
  start: 1690318729.8427074
