event_sleeping:
  end: 1690318729.8537605
  start: 1690318729.8537552
