event_sleeping:
  end: 1690318729.819371
  start: 1690318729.8193686
