event_sleeping:
  end: 1690318729.8441784
  start: 1690318729.8441737
