event_sleeping:
  end: 1690318729.8273494
  start: 1690318729.827346
