event_sleeping:
  end: 1690318729.8393474
  start: 1690318729.8393428
