event_uptime:
  end: 1690580432.448523
  start: 1690580322.0962906
