event_sleeping:
  end: 1690580322.0626063
  start: 1690580322.0625994
