event_uptime:
  end: 1690580362.0869348
  start: 1690580322.0646937
