event_sleeping:
  end: 1690580322.0621674
  start: 1690580322.062154
