event_uptime:
  end: 1690580387.808815
  start: 1690580322.0649614
