event_sleeping:
  end: 1690580322.0624332
  start: 1690580322.062418
