event_sleeping:
  end: 1690599767.6622431
  start: 1690599767.6616683
