event_sleeping:
  end: 1690599767.9607387
  start: 1690599767.9607246
