event_sleeping:
  end: 1690599767.7623363
  start: 1690599767.7623224
