event_sleeping:
  end: 1690599767.964541
  start: 1690599767.9645243
