event_sleeping:
  end: 1690599767.6682994
  start: 1690599767.668278
