event_sleeping:
  end: 1690599767.9143064
  start: 1690599767.9142864
