event_sleeping:
  end: 1690599767.6641424
  start: 1690599767.6641273
