event_sleeping:
  end: 1690599767.6630661
  start: 1690599767.661906
