event_sleeping:
  end: 1690599767.8933053
  start: 1690599767.8932889
