event_sleeping:
  end: 1690599767.6656535
  start: 1690599767.665632
