event_sleeping:
  end: 1690599767.6563716
  start: 1690599767.6561382
