event_sleeping:
  end: 1690599767.9812853
  start: 1690599767.981272
