event_sleeping:
  end: 1690599767.7130165
  start: 1690599767.7130003
