event_sleeping:
  end: 1690599767.7187996
  start: 1690599767.7187762
