event_sleeping:
  end: 1690599767.8294706
  start: 1690599767.829446
