event_sleeping:
  end: 1690599767.6654148
  start: 1690599767.6653907
