event_sleeping:
  end: 1690599767.6644104
  start: 1690599767.664397
