event_sleeping:
  end: 1690599767.9642756
  start: 1690599767.9642632
