event_sleeping:
  end: 1690599767.7833319
  start: 1690599767.7833164
