event_sleeping:
  end: 1690599767.7839828
  start: 1690599767.7839682
