event_sleeping:
  end: 1690599767.981761
  start: 1690599767.9817483
