event_sleeping:
  end: 1690599767.6569328
  start: 1690599767.6569114
