event_sleeping:
  end: 1690599767.660987
  start: 1690599767.660973
