event_sleeping:
  end: 1690599767.6689043
  start: 1690599767.6688848
