event_sleeping:
  end: 1690599767.9466584
  start: 1690599767.9466448
