event_sleeping:
  end: 1690599767.8324275
  start: 1690599767.8324142
