event_sleeping:
  end: 1690599767.7167938
  start: 1690599767.7167802
