event_sleeping:
  end: 1690599767.6536949
  start: 1690599767.653682
