event_sleeping:
  end: 1690599767.8597643
  start: 1690599767.8597436
