event_sleeping:
  end: 1690599767.6603904
  start: 1690599767.660376
