event_sleeping:
  end: 1690599767.9641495
  start: 1690599767.9641364
