event_sleeping:
  end: 1690599767.6591604
  start: 1690599767.659132
