event_sleeping:
  end: 1690602809.3810272
  start: 1690602809.3810132
