event_uptime:
  end: 1690602938.0996711
  start: 1690602809.4719975
