event_sleeping:
  end: 1690602809.3854687
  start: 1690602809.385456
