event_sleeping:
  end: 1690602809.4710739
  start: 1690602809.4710572
