event_sleeping:
  end: 1690602809.438552
  start: 1690602809.4385374
