event_sleeping:
  end: 1690602809.4370723
  start: 1690602809.4370584
