event_uptime:
  end: 1690602945.1966949
  start: 1690602809.468485
