event_uptime:
  end: 1690602917.404366
  start: 1690602809.5305972
