event_sleeping:
  end: 1690602809.470526
  start: 1690602809.4705122
