event_uptime:
  end: 1690602919.579492
  start: 1690602809.4729092
