event_uptime:
  end: 1690602927.5632093
  start: 1690602809.4733884
