event_uptime:
  end: 1690602915.0173678
  start: 1690602809.3881843
