event_sleeping:
  end: 1690602809.4885046
  start: 1690602809.4884753
