event_sleeping:
  end: 1690602809.3837993
  start: 1690602809.383182
