event_uptime:
  end: 1690602925.1481209
  start: 1690602809.387956
