event_sleeping:
  end: 1690602809.3860345
  start: 1690602809.3860219
