event_uptime:
  end: 1690602918.3603013
  start: 1690602809.3894713
