event_sleeping:
  end: 1690602809.3881636
  start: 1690602809.3881502
