event_uptime:
  end: 1690602964.6760647
  start: 1690602809.4033697
