event_uptime:
  end: 1690602912.862812
  start: 1690602809.4355907
