event_sleeping:
  end: 1690602809.4057996
  start: 1690602809.4057844
