event_sleeping:
  end: 1690602809.4318116
  start: 1690602809.4317827
