event_uptime:
  end: 1690602918.3986106
  start: 1690602809.4349737
