event_sleeping:
  end: 1690602809.4360545
  start: 1690602809.4360397
