event_uptime:
  end: 1690602921.9884079
  start: 1690602809.4391046
