event_uptime:
  end: 1690602912.5924866
  start: 1690602809.4377372
