event_sleeping:
  end: 1690602809.4358046
  start: 1690602809.4357913
