event_sleeping:
  end: 1690602809.4368656
  start: 1690602809.436853
