event_uptime:
  end: 1690602937.1118562
  start: 1690602809.4396448
