event_uptime:
  end: 1690602849.4105272
  start: 1690602809.3836837
