event_sleeping:
  end: 1690602809.3791873
  start: 1690602809.3791745
