event_uptime:
  end: 1690602877.037552
  start: 1690602809.381959
