event_sleeping:
  end: 1690602809.3783445
  start: 1690602809.3783007
