event_sleeping:
  end: 1690632368.0559175
  start: 1690632368.0559053
