event_uptime:
  end: 1690632435.2317958
  start: 1690632368.0584614
