event_sleeping:
  end: 1690632368.053602
  start: 1690632368.053583
