event_uptime:
  end: 1690632771.5416527
  start: 1690632368.0581224
