event_sleeping:
  end: 1690632368.1203969
  start: 1690632368.1203833
