event_sleeping:
  end: 1690632368.0465887
  start: 1690632368.0465717
