event_uptime:
  end: 1690632771.5908587
  start: 1690632368.1199226
