event_sleeping:
  end: 1690632368.0593987
  start: 1690632368.0593858
