event_uptime:
  end: 1690632771.5109694
  start: 1690632368.0515614
