event_uptime:
  end: 1690632771.5151143
  start: 1690632368.06021
