event_sleeping:
  end: 1690632368.0573564
  start: 1690632368.0573425
