event_sleeping:
  end: 1690632368.0489986
  start: 1690632368.0478091
