event_uptime:
  end: 1690632907.674057
  start: 1690632368.0520554
