event_sleeping:
  end: 1690632368.0503588
  start: 1690632368.050341
