event_sleeping:
  end: 1690632368.0546875
  start: 1690632368.0546577
