event_uptime:
  end: 1690632907.6512282
  start: 1690632368.0582325
