event_sleeping:
  end: 1690632368.1178098
  start: 1690632368.117795
