event_uptime:
  end: 1690632907.6912775
  start: 1690632368.0834172
