event_uptime:
  end: 1690632907.622882
  start: 1690632368.0547378
