event_uptime:
  end: 1690632907.693811
  start: 1690632368.136433
