event_sleeping:
  end: 1690632368.0591812
  start: 1690632368.0591667
