event_sleeping:
  end: 1690632368.0523255
  start: 1690632368.0523086
