event_sleeping:
  end: 1690632368.0863183
  start: 1690632368.0863035
