event_sleeping:
  end: 1690632368.0567622
  start: 1690632368.056745
