event_sleeping:
  end: 1690632368.0584147
  start: 1690632368.0584013
