event_uptime:
  end: 1690632670.85109
  start: 1690632368.1178627
