event_uptime:
  end: 1690632670.8074617
  start: 1690632368.0594573
