event_sleeping:
  end: 1690632368.0517652
  start: 1690632368.0517447
