event_uptime:
  end: 1690632670.8825986
  start: 1690632368.0790417
