event_uptime:
  end: 1690632670.82691
  start: 1690632368.0573812
