event_uptime:
  end: 1690632670.8500009
  start: 1690632368.0559578
