event_sleeping:
  end: 1690594722.0817912
  start: 1690594722.0817764
