event_sleeping:
  end: 1690594722.1099577
  start: 1690594722.1099315
