event_sleeping:
  end: 1690594722.086407
  start: 1690594722.0863926
