event_sleeping:
  end: 1690594722.1942253
  start: 1690594722.1941898
