event_sleeping:
  end: 1690594722.1560044
  start: 1690594722.155966
