event_sleeping:
  end: 1690594722.2087374
  start: 1690594722.208699
