event_sleeping:
  end: 1690594722.0834007
  start: 1690594722.0833871
