event_sleeping:
  end: 1690594722.0865784
  start: 1690594722.0865643
