event_sleeping:
  end: 1690594722.1587148
  start: 1690594722.158697
