event_sleeping:
  end: 1690594722.1067054
  start: 1690594722.1066675
