event_sleeping:
  end: 1690594722.0812697
  start: 1690594722.0812585
