event_sleeping:
  end: 1690546144.2095866
  start: 1690546144.2095687
