event_sleeping:
  end: 1690546144.5329502
  start: 1690546144.532937
