event_sleeping:
  end: 1690546144.0888047
  start: 1690546144.0887916
