event_sleeping:
  end: 1690546144.6328824
  start: 1690546144.6328683
