event_sleeping:
  end: 1690546144.293128
  start: 1690546144.2931085
