event_sleeping:
  end: 1690546144.1366813
  start: 1690546144.1366663
