event_sleeping:
  end: 1690546144.449361
  start: 1690546144.4493477
