event_sleeping:
  end: 1690546144.5373015
  start: 1690546144.5372672
