event_sleeping:
  end: 1690546144.374903
  start: 1690546144.3748896
