event_sleeping:
  end: 1690546144.0875793
  start: 1690546144.087556
