event_sleeping:
  end: 1690546144.115352
  start: 1690546144.115332
