event_sleeping:
  end: 1690546144.4452477
  start: 1690546144.4452353
