event_sleeping:
  end: 1690546144.351467
  start: 1690546144.3514483
