event_sleeping:
  end: 1690546144.5581357
  start: 1690546144.5581207
