event_sleeping:
  end: 1690546144.2950037
  start: 1690546144.29498
