event_sleeping:
  end: 1690546144.2119086
  start: 1690546144.2118907
