event_sleeping:
  end: 1690546144.6335857
  start: 1690546144.6335697
