event_sleeping:
  end: 1690546144.4870236
  start: 1690546144.4869974
