event_sleeping:
  end: 1690546144.447365
  start: 1690546144.4473512
