event_sleeping:
  end: 1690546144.210044
  start: 1690546144.2100303
