event_sleeping:
  end: 1690546144.4001687
  start: 1690546144.4001565
