event_sleeping:
  end: 1690546144.0909488
  start: 1690546144.0907118
