event_sleeping:
  end: 1690546144.658095
  start: 1690546144.6580815
