event_sleeping:
  end: 1690546144.3685362
  start: 1690546144.3685207
