event_sleeping:
  end: 1690546144.0855336
  start: 1690546144.085514
