event_sleeping:
  end: 1690546144.1801915
  start: 1690546144.1801376
