event_sleeping:
  end: 1690546144.5559094
  start: 1690546144.5558693
