event_sleeping:
  end: 1690546144.4696355
  start: 1690546144.469623
