event_sleeping:
  end: 1690546144.5340457
  start: 1690546144.5340326
