event_sleeping:
  end: 1690546144.3211784
  start: 1690546144.3211622
