event_sleeping:
  end: 1690546144.1858318
  start: 1690546144.1858156
