event_sleeping:
  end: 1690546144.5887856
  start: 1690546144.5887682
