event_sleeping:
  end: 1690546144.4450386
  start: 1690546144.4450212
