event_sleeping:
  end: 1690546144.1130807
  start: 1690546144.1130645
