event_sleeping:
  end: 1690546144.3957942
  start: 1690546144.3957813
