event_sleeping:
  end: 1690546144.3206832
  start: 1690546144.320671
