event_sleeping:
  end: 1690546144.5091012
  start: 1690546144.5090873
