event_sleeping:
  end: 1690546144.3265202
  start: 1690546144.3265073
