event_sleeping:
  end: 1690546144.5356078
  start: 1690546144.5355844
