event_sleeping:
  end: 1690546144.7062023
  start: 1690546144.7061872
