event_sleeping:
  end: 1690546144.139365
  start: 1690546144.139352
