event_sleeping:
  end: 1690546144.588971
  start: 1690546144.5889542
