event_sleeping:
  end: 1690546144.65434
  start: 1690546144.6543245
