event_sleeping:
  end: 1690546144.4190838
  start: 1690546144.419058
