event_sleeping:
  end: 1690546144.3252728
  start: 1690546144.3252597
