event_sleeping:
  end: 1690546144.3942943
  start: 1690546144.3942802
