event_sleeping:
  end: 1690546144.1611447
  start: 1690546144.16113
