event_sleeping:
  end: 1690546144.5352824
  start: 1690546144.534387
