event_sleeping:
  end: 1690546144.4844372
  start: 1690546144.4844167
