event_sleeping:
  end: 1690546144.271164
  start: 1690546144.2711139
