event_sleeping:
  end: 1690622567.366606
  start: 1690622567.366593
