event_uptime:
  end: 1690622635.160567
  start: 1690622567.4031117
