event_uptime:
  end: 1690622971.355572
  start: 1690622567.3780677
