event_sleeping:
  end: 1690622567.4121594
  start: 1690622567.412145
