event_sleeping:
  end: 1690622567.6854186
  start: 1690622567.6854005
