event_sleeping:
  end: 1690622567.374339
  start: 1690622567.3743265
