event_uptime:
  end: 1690622971.278876
  start: 1690622567.560357
