event_sleeping:
  end: 1690622567.538954
  start: 1690622567.5389404
