event_uptime:
  end: 1690622971.4189322
  start: 1690622567.6635067
