event_sleeping:
  end: 1690622567.6578443
  start: 1690622567.6578283
