event_uptime:
  end: 1690622971.3151884
  start: 1690622567.3738441
