event_uptime:
  end: 1690622971.398873
  start: 1690622567.3776603
