event_uptime:
  end: 1690622971.293328
  start: 1690622567.637738
