event_sleeping:
  end: 1690622567.641728
  start: 1690622567.6417155
