event_uptime:
  end: 1690622971.3789043
  start: 1690622567.6639104
