event_sleeping:
  end: 1690622567.70783
  start: 1690622567.7078164
