event_sleeping:
  end: 1690622567.6032264
  start: 1690622567.603211
