event_sleeping:
  end: 1690622567.374088
  start: 1690622567.3740747
