event_uptime:
  end: 1690622971.386754
  start: 1690622567.7453823
