event_uptime:
  end: 1690622971.3341246
  start: 1690622567.7387238
