event_uptime:
  end: 1690622971.32394
  start: 1690622567.4143763
