event_sleeping:
  end: 1690622567.3700545
  start: 1690622567.3700404
