event_uptime:
  end: 1690623107.4255915
  start: 1690622567.3733892
