event_uptime:
  end: 1690623107.2951796
  start: 1690622567.5843468
