event_uptime:
  end: 1690623107.4888906
  start: 1690622567.6876755
