event_uptime:
  end: 1690623107.514792
  start: 1690622567.412211
