event_sleeping:
  end: 1690622567.6638775
  start: 1690622567.6638656
