event_uptime:
  end: 1690623107.4543235
  start: 1690622567.4585078
