event_uptime:
  end: 1690623107.3794765
  start: 1690622567.518132
