event_uptime:
  end: 1690623107.470566
  start: 1690622567.3777876
