event_sleeping:
  end: 1690622567.4090307
  start: 1690622567.40899
