event_sleeping:
  end: 1690622567.6871862
  start: 1690622567.687172
