event_uptime:
  end: 1690623107.421189
  start: 1690622567.7438045
