event_sleeping:
  end: 1690622567.4151978
  start: 1690622567.4151664
