event_sleeping:
  end: 1690622567.368635
  start: 1690622567.3686197
