event_sleeping:
  end: 1690622567.664796
  start: 1690622567.664771
