event_uptime:
  end: 1690623107.401707
  start: 1690622567.685546
