event_uptime:
  end: 1690623107.5067198
  start: 1690622567.6623993
