event_sleeping:
  end: 1690622567.4797843
  start: 1690622567.479769
