event_sleeping:
  end: 1690622567.6396546
  start: 1690622567.6396337
