event_sleeping:
  end: 1690622567.5800545
  start: 1690622567.5800383
