event_sleeping:
  end: 1690622567.373351
  start: 1690622567.3733306
