event_uptime:
  end: 1690622870.5825088
  start: 1690622567.6586175
