event_uptime:
  end: 1690622870.6266556
  start: 1690622567.4155278
