event_uptime:
  end: 1690622870.6381154
  start: 1690622567.6649342
