event_sleeping:
  end: 1690622567.3673413
  start: 1690622567.3673131
