event_uptime:
  end: 1690622870.5629356
  start: 1690622567.3710375
