event_sleeping:
  end: 1690622567.3710072
  start: 1690622567.3709936
