event_uptime:
  end: 1690622870.4936254
  start: 1690622567.3731093
