event_sleeping:
  end: 1690622567.4136064
  start: 1690622567.4135919
