event_sleeping:
  end: 1690622567.3690038
  start: 1690622567.367738
