event_sleeping:
  end: 1690622567.5794592
  start: 1690622567.5794318
