event_uptime:
  end: 1690622870.5176065
  start: 1690622567.6655312
