event_uptime:
  end: 1690622870.5854228
  start: 1690622567.7451794
