event_sleeping:
  end: 1690622567.6628888
  start: 1690622567.6628664
