event_sleeping:
  end: 1690622567.6880815
  start: 1690622567.688061
