event_sleeping:
  end: 1690622567.6565864
  start: 1690622567.6426291
