event_sleeping:
  end: 1690622567.5842726
  start: 1690622567.5842586
