event_uptime:
  end: 1690622870.602339
  start: 1690622567.3745825
