event_uptime:
  end: 1690622870.509843
  start: 1690622567.5834668
