event_sleeping:
  end: 1690622567.6388767
  start: 1690622567.6388552
