event_uptime:
  end: 1690622870.4798543
  start: 1690622567.6350417
