event_sleeping:
  end: 1690623797.3992946
  start: 1690623797.3992817
