event_uptime:
  end: 1690623865.8081658
  start: 1690623797.4026911
