event_uptime:
  end: 1690624201.915888
  start: 1690623797.8925815
