event_uptime:
  end: 1690624201.8974774
  start: 1690623797.8960276
