event_uptime:
  end: 1690624201.8616776
  start: 1690623797.410136
