event_uptime:
  end: 1690624201.938256
  start: 1690623797.4064994
