event_sleeping:
  end: 1690623797.5515137
  start: 1690623797.5514567
