event_sleeping:
  end: 1690623797.4039826
  start: 1690623797.4039686
