event_uptime:
  end: 1690624202.0188236
  start: 1690623797.736325
