event_uptime:
  end: 1690624201.8652432
  start: 1690623797.827595
