event_sleeping:
  end: 1690623797.6335192
  start: 1690623797.6335056
