event_uptime:
  end: 1690624202.0503685
  start: 1690623797.9316895
