event_uptime:
  end: 1690624201.886243
  start: 1690623797.7698457
