event_uptime:
  end: 1690624201.9621596
  start: 1690623797.4056232
