event_uptime:
  end: 1690624202.0105274
  start: 1690623797.4589427
