event_sleeping:
  end: 1690623797.4034305
  start: 1690623797.4034128
