event_sleeping:
  end: 1690623797.8741345
  start: 1690623797.8741212
