event_sleeping:
  end: 1690623797.7896733
  start: 1690623797.7896574
