event_sleeping:
  end: 1690623797.718204
  start: 1690623797.7181904
