event_uptime:
  end: 1690624202.0429995
  start: 1690623797.655103
