event_sleeping:
  end: 1690623797.871922
  start: 1690623797.8719084
