event_sleeping:
  end: 1690623797.5050752
  start: 1690623797.5050592
