event_sleeping:
  end: 1690623797.8956957
  start: 1690623797.895676
