event_uptime:
  end: 1690624201.7629483
  start: 1690623797.8503425
