event_sleeping:
  end: 1690623797.7426336
  start: 1690623797.7426193
