event_sleeping:
  end: 1690623797.8300881
  start: 1690623797.8300695
