event_sleeping:
  end: 1690623797.434508
  start: 1690623797.4090054
