event_uptime:
  end: 1690624201.7996566
  start: 1690623797.572278
