event_sleeping:
  end: 1690623797.4047425
  start: 1690623797.404724
