event_uptime:
  end: 1690624201.8669407
  start: 1690623797.662702
