event_uptime:
  end: 1690624201.9857163
  start: 1690623797.5491552
