event_sleeping:
  end: 1690623797.6588252
  start: 1690623797.65881
