event_uptime:
  end: 1690624338.107162
  start: 1690623797.6338942
