event_uptime:
  end: 1690624338.127576
  start: 1690623797.7211986
