event_sleeping:
  end: 1690623797.4061158
  start: 1690623797.4060936
