event_sleeping:
  end: 1690623797.659081
  start: 1690623797.6590643
