event_sleeping:
  end: 1690623797.744479
  start: 1690623797.7444654
