event_sleeping:
  end: 1690623797.872651
  start: 1690623797.872637
