event_uptime:
  end: 1690624337.9940677
  start: 1690623797.4807236
