event_uptime:
  end: 1690624337.9378805
  start: 1690623797.4008644
