event_uptime:
  end: 1690624338.0101469
  start: 1690623797.5504618
