event_uptime:
  end: 1690624338.0261629
  start: 1690623797.870351
