event_sleeping:
  end: 1690623797.8323958
  start: 1690623797.8323827
