event_uptime:
  end: 1690624338.0868318
  start: 1690623797.8957794
