event_uptime:
  end: 1690624338.0538385
  start: 1690623797.4097588
