event_uptime:
  end: 1690624338.1748226
  start: 1690623797.4614458
