event_sleeping:
  end: 1690623797.5253983
  start: 1690623797.525377
