event_sleeping:
  end: 1690623797.7397733
  start: 1690623797.7397504
