event_uptime:
  end: 1690624338.1511822
  start: 1690623797.743305
