event_sleeping:
  end: 1690623797.4081428
  start: 1690623797.4081233
