event_sleeping:
  end: 1690623797.3970392
  start: 1690623797.3965936
