event_sleeping:
  end: 1690623797.4610426
  start: 1690623797.46103
