event_sleeping:
  end: 1690623797.7176447
  start: 1690623797.71763
