event_uptime:
  end: 1690624337.9900641
  start: 1690623797.7853262
