event_uptime:
  end: 1690624338.1777275
  start: 1690623797.8482301
