event_uptime:
  end: 1690624337.9939222
  start: 1690623797.6625607
