event_uptime:
  end: 1690624338.1304386
  start: 1690623797.4871962
