event_uptime:
  end: 1690624338.074268
  start: 1690623797.9111834
