event_sleeping:
  end: 1690623797.571949
  start: 1690623797.5719316
