event_sleeping:
  end: 1690623797.8298903
  start: 1690623797.8298783
