event_sleeping:
  end: 1690623797.459647
  start: 1690623797.459626
