event_sleeping:
  end: 1690623797.8948383
  start: 1690623797.894826
