event_sleeping:
  end: 1690623797.406466
  start: 1690623797.4064493
