event_uptime:
  end: 1690624101.1342063
  start: 1690623797.4095097
