event_sleeping:
  end: 1690623797.8311107
  start: 1690623797.8310947
