event_uptime:
  end: 1690624101.3133063
  start: 1690623797.4037611
