event_uptime:
  end: 1690624101.1618173
  start: 1690623797.699788
