event_sleeping:
  end: 1690623797.397231
  start: 1690623797.397217
