event_uptime:
  end: 1690624101.263162
  start: 1690623797.8737519
