event_sleeping:
  end: 1690623797.4592907
  start: 1690623797.459275
