event_sleeping:
  end: 1690623797.409174
  start: 1690623797.4091609
