event_sleeping:
  end: 1690623797.402047
  start: 1690623797.4020128
