event_uptime:
  end: 1690624101.2859232
  start: 1690623797.6306105
