event_uptime:
  end: 1690624101.1503518
  start: 1690623797.8713682
