event_sleeping:
  end: 1690623797.6597598
  start: 1690623797.659745
