event_sleeping:
  end: 1690623797.8712292
  start: 1690623797.8712153
