event_sleeping:
  end: 1690623797.5520957
  start: 1690623797.5520816
