event_sleeping:
  end: 1690623797.6629593
  start: 1690623797.6629457
