event_uptime:
  end: 1690624101.1861272
  start: 1690623797.4111326
