event_uptime:
  end: 1690624101.112768
  start: 1690623797.5746977
