event_sleeping:
  end: 1690623797.722356
  start: 1690623797.7223418
