event_uptime:
  end: 1690624101.245577
  start: 1690623797.7430494
