event_uptime:
  end: 1690624101.3106806
  start: 1690623797.4629166
