event_sleeping:
  end: 1690623797.7441907
  start: 1690623797.7441752
