event_uptime:
  end: 1690624101.1094842
  start: 1690623797.4016957
