event_sleeping:
  end: 1690623797.5931726
  start: 1690623797.5931563
