event_sleeping:
  end: 1690623797.8920493
  start: 1690623797.892034
