event_uptime:
  end: 1690624101.234472
  start: 1690623797.7659957
