event_uptime:
  end: 1690624101.2145903
  start: 1690623797.8945289
