event_uptime:
  end: 1690624101.1343715
  start: 1690623797.8297381
