event_uptime:
  end: 1690624101.1932228
  start: 1690623797.662991
