event_sleeping:
  end: 1690623797.7905993
  start: 1690623797.7905853
