event_sleeping:
  end: 1690449756.0731258
  start: 1690449756.0731137
