event_sleeping:
  end: 1690449756.0734322
  start: 1690449756.07343
