event_sleeping:
  end: 1690449756.0746834
  start: 1690449756.0746813
