event_sleeping:
  end: 1690449756.0733082
  start: 1690449756.073306
