event_sleeping:
  end: 1690537989.6508923
  start: 1690537989.650875
