event_sleeping:
  end: 1690537989.6531603
  start: 1690537989.653139
