event_sleeping:
  end: 1690537989.6541595
  start: 1690537989.6541293
