event_sleeping:
  end: 1690537989.652911
  start: 1690537989.6528926
