event_sleeping:
  end: 1690537989.655519
  start: 1690537989.6554873
