event_sleeping:
  end: 1690537989.6534739
  start: 1690537989.6534507
