event_uptime:
  end: 1690468384.3656147
  start: 1690468273.9091399
