event_sleeping:
  end: 1690468273.9061801
  start: 1690468273.906159
