event_sleeping:
  end: 1690468273.9064276
  start: 1690468273.9064207
