event_uptime:
  end: 1690468378.1600666
  start: 1690468273.9344423
