event_uptime:
  end: 1690468313.9011688
  start: 1690468273.9315097
