event_sleeping:
  end: 1690468273.9063876
  start: 1690468273.906312
