event_uptime:
  end: 1690468339.7553036
  start: 1690468273.9089057
