event_sleeping:
  end: 1690468273.9058201
  start: 1690468273.9057617
