event_sleeping:
  end: 1690324287.921208
  start: 1690324287.9212043
