event_uptime:
  end: 1690324359.4389753
  start: 1690324287.9233475
