event_sleeping:
  end: 1690324287.921779
  start: 1690324287.921775
