event_sleeping:
  end: 1690324287.9241269
  start: 1690324287.924123
