event_uptime:
  end: 1690324710.9937973
  start: 1690324287.9245925
