event_uptime:
  end: 1690324710.9734836
  start: 1690324287.9318535
