event_sleeping:
  end: 1690324287.9238608
  start: 1690324287.9238565
