event_sleeping:
  end: 1690324287.9216292
  start: 1690324287.9216254
