event_uptime:
  end: 1690324846.975552
  start: 1690324287.9266367
