event_uptime:
  end: 1690324847.0315363
  start: 1690324287.9238708
