event_sleeping:
  end: 1690324287.9214761
  start: 1690324287.921472
