event_uptime:
  end: 1690324606.4144735
  start: 1690324287.924029
