event_sleeping:
  end: 1690324287.923024
  start: 1690324287.9230192
