event_uptime:
  end: 1690324606.4462616
  start: 1690324287.9246762
