event_uptime:
  end: 1690469144.823593
  start: 1690469032.9438047
