event_sleeping:
  end: 1690469032.919407
  start: 1690469032.9193933
