event_uptime:
  end: 1690469161.774802
  start: 1690469033.110485
