event_uptime:
  end: 1690469141.0439262
  start: 1690469033.1150658
