event_sleeping:
  end: 1690469033.0861678
  start: 1690469033.086155
