event_uptime:
  end: 1690469168.8353646
  start: 1690469033.080611
