event_uptime:
  end: 1690469138.5519335
  start: 1690469032.9406397
