event_uptime:
  end: 1690469143.126327
  start: 1690469033.0865128
