event_sleeping:
  end: 1690469032.9187827
  start: 1690469032.9187691
