event_sleeping:
  end: 1690469033.0657177
  start: 1690469033.0656703
