event_uptime:
  end: 1690469151.113469
  start: 1690469033.1147811
