event_sleeping:
  end: 1690469033.0697997
  start: 1690469033.0697858
