event_sleeping:
  end: 1690469033.0876107
  start: 1690469033.087598
