event_sleeping:
  end: 1690469033.086656
  start: 1690469033.086643
