event_sleeping:
  end: 1690469032.9207983
  start: 1690469032.9191873
