event_uptime:
  end: 1690469148.6761305
  start: 1690469032.9439595
