event_uptime:
  end: 1690469141.738115
  start: 1690469032.94803
