event_sleeping:
  end: 1690469032.9442556
  start: 1690469032.9442384
