event_uptime:
  end: 1690469188.5072646
  start: 1690469032.9478326
