event_sleeping:
  end: 1690469032.9433193
  start: 1690469032.9432998
