event_uptime:
  end: 1690469136.3984752
  start: 1690469032.9498143
