event_sleeping:
  end: 1690469032.9469836
  start: 1690469032.9458008
