event_sleeping:
  end: 1690469033.0173476
  start: 1690469033.017317
