event_uptime:
  end: 1690469141.6913676
  start: 1690469033.0353572
