event_uptime:
  end: 1690469145.5484416
  start: 1690469032.984857
