event_sleeping:
  end: 1690469032.9497626
  start: 1690469032.9497354
