event_uptime:
  end: 1690469136.1505573
  start: 1690469033.085752
