event_sleeping:
  end: 1690469033.066283
  start: 1690469033.0662687
