event_sleeping:
  end: 1690469033.0647137
  start: 1690469033.0646865
