event_uptime:
  end: 1690469160.6909204
  start: 1690469033.06984
