event_sleeping:
  end: 1690469032.9167228
  start: 1690469032.9166973
