event_uptime:
  end: 1690469072.932952
  start: 1690469032.920625
