event_uptime:
  end: 1690469100.5999272
  start: 1690469032.9423318
