event_sleeping:
  end: 1690469032.9175532
  start: 1690469032.917539
