event_sleeping:
  end: 1690571553.7006147
  start: 1690571553.7006075
