event_uptime:
  end: 1690571663.9968283
  start: 1690571553.7213888
