event_sleeping:
  end: 1690571553.7001224
  start: 1690571553.7000804
