event_uptime:
  end: 1690571593.673156
  start: 1690571553.702028
