event_uptime:
  end: 1690571619.3920507
  start: 1690571553.718173
