event_sleeping:
  end: 1690571553.7003925
  start: 1690571553.7003798
