event_uptime:
  end: 1690603065.4393382
  start: 1690602995.3552923
