event_sleeping:
  end: 1690602995.3488219
  start: 1690602995.3488076
