event_uptime:
  end: 1690603055.1189375
  start: 1690602995.3569674
