event_sleeping:
  end: 1690602995.4157095
  start: 1690602995.415692
