event_uptime:
  end: 1690603090.9632814
  start: 1690602995.4549391
