event_uptime:
  end: 1690603080.4687243
  start: 1690602995.4346015
