event_uptime:
  end: 1690603064.8200293
  start: 1690602995.487748
