event_sleeping:
  end: 1690602995.4322631
  start: 1690602995.4322488
