event_sleeping:
  end: 1690602995.4019985
  start: 1690602995.4019828
