event_sleeping:
  end: 1690602995.4345095
  start: 1690602995.4344668
