event_uptime:
  end: 1690603068.8372474
  start: 1690602995.4565575
