event_sleeping:
  end: 1690602995.454816
  start: 1690602995.4547994
