event_uptime:
  end: 1690603060.724798
  start: 1690602995.4573324
