event_sleeping:
  end: 1690602995.3522956
  start: 1690602995.3522809
