event_sleeping:
  end: 1690602995.352722
  start: 1690602995.3527048
