event_uptime:
  end: 1690603072.6301665
  start: 1690602995.3582177
