event_uptime:
  end: 1690603061.2921016
  start: 1690602995.351088
