event_sleeping:
  end: 1690602995.3479288
  start: 1690602995.3479135
