event_uptime:
  end: 1690603083.2692614
  start: 1690602995.3563836
