event_sleeping:
  end: 1690602995.351395
  start: 1690602995.3513806
