event_uptime:
  end: 1690603054.7561755
  start: 1690602995.359978
