event_sleeping:
  end: 1690602995.356122
  start: 1690602995.3561027
