event_sleeping:
  end: 1690602995.358525
  start: 1690602995.3585076
