event_uptime:
  end: 1690603062.1676054
  start: 1690602995.3817015
