event_uptime:
  end: 1690603064.2949765
  start: 1690602995.3604538
