event_sleeping:
  end: 1690602995.3574805
  start: 1690602995.3574612
