event_uptime:
  end: 1690603051.6640472
  start: 1690602995.3860397
