event_sleeping:
  end: 1690602995.3826861
  start: 1690602995.3826501
