event_uptime:
  end: 1690603077.752464
  start: 1690602995.3865817
