event_sleeping:
  end: 1690602995.3830714
  start: 1690602995.3830462
