event_uptime:
  end: 1690603007.4386325
  start: 1690602995.3545363
