event_sleeping:
  end: 1690602995.3501546
  start: 1690602995.3501422
