event_sleeping:
  end: 1690602995.3568625
  start: 1690602995.3568501
