event_uptime:
  end: 1690603028.7320552
  start: 1690602995.3796198
