event_sleeping:
  end: 1690486802.595915
  start: 1690486802.595867
