event_uptime:
  end: 1690486876.059738
  start: 1690486802.6024365
