event_sleeping:
  end: 1690486803.2013333
  start: 1690486803.2013173
