event_uptime:
  end: 1690487227.2917945
  start: 1690486803.1077886
