event_uptime:
  end: 1690487227.2456727
  start: 1690486802.8784227
