event_sleeping:
  end: 1690486803.2276678
  start: 1690486803.2276542
