event_uptime:
  end: 1690487227.291371
  start: 1690486802.6051533
