event_uptime:
  end: 1690487227.1270459
  start: 1690486803.149054
