event_uptime:
  end: 1690487227.1235573
  start: 1690486802.6035004
