event_sleeping:
  end: 1690486802.5995684
  start: 1690486802.5995536
