event_sleeping:
  end: 1690486802.9229484
  start: 1690486802.9229333
