event_uptime:
  end: 1690487227.3435824
  start: 1690486802.6084175
