event_uptime:
  end: 1690487227.161732
  start: 1690486803.2240434
