event_uptime:
  end: 1690487227.2265766
  start: 1690486802.929516
