event_sleeping:
  end: 1690486802.606161
  start: 1690486802.6061368
