event_uptime:
  end: 1690487227.186586
  start: 1690486803.2320752
