event_sleeping:
  end: 1690486803.132959
  start: 1690486803.1329453
