event_sleeping:
  end: 1690486802.8728511
  start: 1690486802.8728352
