event_uptime:
  end: 1690487227.21512
  start: 1690486802.6889446
