event_uptime:
  end: 1690487227.3188496
  start: 1690486803.0539198
