event_sleeping:
  end: 1690486803.0351484
  start: 1690486803.0351226
