event_sleeping:
  end: 1690486802.7234087
  start: 1690486802.7233841
