event_uptime:
  end: 1690487227.0832794
  start: 1690486802.784947
