event_sleeping:
  end: 1690486802.6854267
  start: 1690486802.685395
