event_sleeping:
  end: 1690486802.7660682
  start: 1690486802.76605
