event_sleeping:
  end: 1690486802.9290004
  start: 1690486802.9289827
