event_uptime:
  end: 1690487227.149503
  start: 1690486803.005796
