event_uptime:
  end: 1690487227.2635143
  start: 1690486802.8271565
