event_sleeping:
  end: 1690486802.6023278
  start: 1690486802.6023092
