event_uptime:
  end: 1690487227.1008778
  start: 1690486802.7255285
