event_sleeping:
  end: 1690486802.6850934
  start: 1690486802.6850805
