event_uptime:
  end: 1690487363.4118407
  start: 1690486803.2682786
