event_uptime:
  end: 1690487363.2222764
  start: 1690486803.0020351
