event_uptime:
  end: 1690487363.1814568
  start: 1690486802.7252088
