event_uptime:
  end: 1690487363.2219396
  start: 1690486803.2314768
