event_sleeping:
  end: 1690486803.129957
  start: 1690486803.1299343
