event_sleeping:
  end: 1690486802.9254422
  start: 1690486802.925426
