event_sleeping:
  end: 1690486802.829859
  start: 1690486802.829845
