event_uptime:
  end: 1690487363.3396885
  start: 1690486802.803214
