event_uptime:
  end: 1690487363.398679
  start: 1690486803.012281
