event_uptime:
  end: 1690487363.2664578
  start: 1690486802.6894853
