event_sleeping:
  end: 1690486802.689884
  start: 1690486802.6898673
