event_uptime:
  end: 1690487363.313546
  start: 1690486802.929071
