event_sleeping:
  end: 1690486802.7615278
  start: 1690486802.76151
