event_sleeping:
  end: 1690486802.6088862
  start: 1690486802.6088715
