event_sleeping:
  end: 1690486803.007558
  start: 1690486803.007482
