event_uptime:
  end: 1690487363.3512783
  start: 1690486803.124959
