event_sleeping:
  end: 1690486802.7865818
  start: 1690486802.7865639
