event_uptime:
  end: 1690487363.2221298
  start: 1690486802.6025336
