event_sleeping:
  end: 1690486803.10079
  start: 1690486803.1007726
