event_sleeping:
  end: 1690486803.2323842
  start: 1690486803.2323709
