event_sleeping:
  end: 1690486802.5980914
  start: 1690486802.5980773
