event_uptime:
  end: 1690487363.1625743
  start: 1690486802.7854478
