event_sleeping:
  end: 1690486802.922136
  start: 1690486802.9221215
