event_uptime:
  end: 1690487363.1602137
  start: 1690486803.1342754
