event_sleeping:
  end: 1690486803.2262414
  start: 1690486803.226227
