event_uptime:
  end: 1690487363.38376
  start: 1690486802.6530776
