event_sleeping:
  end: 1690486802.6004503
  start: 1690486802.6004133
