event_uptime:
  end: 1690487363.3395643
  start: 1690486802.6059663
