event_uptime:
  end: 1690487363.2985427
  start: 1690486802.8790617
