event_uptime:
  end: 1690487122.7146115
  start: 1690486802.921099
