event_uptime:
  end: 1690487122.8633423
  start: 1690486803.0317836
