event_sleeping:
  end: 1690486802.6063843
  start: 1690486802.6063643
