event_uptime:
  end: 1690487122.6473458
  start: 1690486802.6884089
