event_uptime:
  end: 1690487122.7473538
  start: 1690486802.786112
