event_sleeping:
  end: 1690486802.6071868
  start: 1690486802.6071718
