event_uptime:
  end: 1690487122.6057124
  start: 1690486803.1087248
