event_sleeping:
  end: 1690486802.608054
  start: 1690486802.6080017
