event_uptime:
  end: 1690487122.6744323
  start: 1690486802.9631703
