event_sleeping:
  end: 1690486803.130938
  start: 1690486803.130924
