event_sleeping:
  end: 1690486803.0110502
  start: 1690486803.0110354
