event_sleeping:
  end: 1690486803.226709
  start: 1690486803.2266912
