event_uptime:
  end: 1690487122.685325
  start: 1690486803.1047642
