event_uptime:
  end: 1690487122.8146827
  start: 1690486802.63101
