event_sleeping:
  end: 1690486802.7267878
  start: 1690486802.7267706
