event_sleeping:
  end: 1690486802.747265
  start: 1690486802.747241
