event_sleeping:
  end: 1690486802.684404
  start: 1690486802.684368
