event_uptime:
  end: 1690487122.6025002
  start: 1690486802.601983
