event_sleeping:
  end: 1690486802.9238687
  start: 1690486802.9238522
