event_uptime:
  end: 1690487122.7508736
  start: 1690486802.8737404
