event_uptime:
  end: 1690487122.807321
  start: 1690486802.6124818
