event_uptime:
  end: 1690487122.583972
  start: 1690486802.7650626
