event_sleeping:
  end: 1690486802.8783906
  start: 1690486802.8783767
