event_sleeping:
  end: 1690486803.0549526
  start: 1690486803.0549388
