event_sleeping:
  end: 1690486802.8084118
  start: 1690486802.8083982
