event_uptime:
  end: 1690487122.6492136
  start: 1690486803.1687446
