event_sleeping:
  end: 1690486802.5973594
  start: 1690486802.5973449
