event_uptime:
  end: 1690487122.8311398
  start: 1690486802.6107175
