event_uptime:
  end: 1690487122.7947865
  start: 1690486803.2324665
