event_sleeping:
  end: 1690486803.1058075
  start: 1690486803.1057856
