event_sleeping:
  end: 1690547841.7357209
  start: 1690547841.7357082
