event_sleeping:
  end: 1690547841.713801
  start: 1690547841.7137878
