event_sleeping:
  end: 1690547841.6227014
  start: 1690547841.6226633
