event_sleeping:
  end: 1690547841.7560444
  start: 1690547841.7560246
