event_sleeping:
  end: 1690547841.5497782
  start: 1690547841.5496783
