event_sleeping:
  end: 1690547841.54995
  start: 1690547841.549891
