event_sleeping:
  end: 1690547841.7152789
  start: 1690547841.715264
