event_sleeping:
  end: 1690547841.57844
  start: 1690547841.5784261
