event_sleeping:
  end: 1690547841.7580914
  start: 1690547841.7577908
