event_sleeping:
  end: 1690547841.7042966
  start: 1690547841.7042403
