event_sleeping:
  end: 1690547841.7974215
  start: 1690547841.7974029
