event_sleeping:
  end: 1690547841.549337
  start: 1690547841.549323
