event_sleeping:
  end: 1690547841.7106466
  start: 1690547841.710632
