event_sleeping:
  end: 1690547841.6462848
  start: 1690547841.6462653
