event_sleeping:
  end: 1690547841.5501502
  start: 1690547841.5501437
