event_sleeping:
  end: 1690547841.7363625
  start: 1690547841.7363384
