event_sleeping:
  end: 1690547841.8784716
  start: 1690547841.878436
