event_sleeping:
  end: 1690547841.709935
  start: 1690547841.7099059
