event_sleeping:
  end: 1690547841.715999
  start: 1690547841.7159843
