event_sleeping:
  end: 1690547841.7579677
  start: 1690547841.7579503
