event_sleeping:
  end: 1690547841.5557957
  start: 1690547841.5557826
