event_sleeping:
  end: 1690547841.7365985
  start: 1690547841.7365844
