event_sleeping:
  end: 1690547841.7123296
  start: 1690547841.7123132
