event_sleeping:
  end: 1690547841.6889658
  start: 1690547841.6889496
