event_sleeping:
  end: 1690547841.7983255
  start: 1690547841.7983134
