event_sleeping:
  end: 1690547841.5528805
  start: 1690547841.5528667
