event_sleeping:
  end: 1690472618.5910144
  start: 1690472618.591003
