event_sleeping:
  end: 1690472618.791082
  start: 1690472618.7910697
