event_sleeping:
  end: 1690472618.5965729
  start: 1690472618.5964007
