event_sleeping:
  end: 1690472618.7731752
  start: 1690472618.7731564
