event_sleeping:
  end: 1690472618.6377618
  start: 1690472618.6377466
