event_sleeping:
  end: 1690472618.736734
  start: 1690472618.7367077
