event_sleeping:
  end: 1690472618.632295
  start: 1690472618.6322725
