event_sleeping:
  end: 1690472618.6569905
  start: 1690472618.6569657
