event_sleeping:
  end: 1690472618.695374
  start: 1690472618.6953592
