event_sleeping:
  end: 1690472618.7545643
  start: 1690472618.754551
