event_sleeping:
  end: 1690472618.5935113
  start: 1690472618.5934956
