event_sleeping:
  end: 1690472618.7862835
  start: 1690472618.7862697
