event_sleeping:
  end: 1690472618.5994654
  start: 1690472618.5994513
