event_sleeping:
  end: 1690472618.5965233
  start: 1690472618.5965018
