event_sleeping:
  end: 1690472618.6297543
  start: 1690472618.6297176
