event_sleeping:
  end: 1690472618.791639
  start: 1690472618.791625
