event_sleeping:
  end: 1690472618.6929636
  start: 1690472618.69295
