event_sleeping:
  end: 1690472618.6327841
  start: 1690472618.6327686
