event_sleeping:
  end: 1690472618.754817
  start: 1690472618.7548025
