event_sleeping:
  end: 1690472618.750978
  start: 1690472618.750963
