event_sleeping:
  end: 1690472618.7851853
  start: 1690472618.7851548
