event_sleeping:
  end: 1690472618.592287
  start: 1690472618.592271
