event_uptime:
  end: 1690473685.4150722
  start: 1690473615.992441
