event_sleeping:
  end: 1690473615.9890754
  start: 1690473615.9890633
