event_sleeping:
  end: 1690473615.992058
  start: 1690473615.9920409
