event_uptime:
  end: 1690473675.1722846
  start: 1690473616.0149803
