event_uptime:
  end: 1690473692.8064587
  start: 1690473615.9897218
