event_sleeping:
  end: 1690473615.986635
  start: 1690473615.9866178
