event_uptime:
  end: 1690473681.3159528
  start: 1690473615.9921644
