event_sleeping:
  end: 1690473615.9897008
  start: 1690473615.9896855
