event_uptime:
  end: 1690473703.2635255
  start: 1690473615.9899714
