event_sleeping:
  end: 1690473615.9852428
  start: 1690473615.9852278
