event_uptime:
  end: 1690473674.872143
  start: 1690473616.0190506
