event_sleeping:
  end: 1690473615.9925778
  start: 1690473615.9925647
