event_uptime:
  end: 1690473682.3475692
  start: 1690473615.9926145
