event_sleeping:
  end: 1690473615.990206
  start: 1690473615.9901865
