event_sleeping:
  end: 1690473615.9913726
  start: 1690473615.991351
