event_uptime:
  end: 1690473684.3189025
  start: 1690473616.0122352
