event_sleeping:
  end: 1690473616.011945
  start: 1690473616.0118828
