event_uptime:
  end: 1690473671.636082
  start: 1690473616.0321126
