event_sleeping:
  end: 1690473616.0157635
  start: 1690473616.0157413
