event_uptime:
  end: 1690473697.7819963
  start: 1690473616.035754
