event_uptime:
  end: 1690473628.0463774
  start: 1690473615.9878874
