event_sleeping:
  end: 1690473615.9844153
  start: 1690473615.9843965
