event_uptime:
  end: 1690473648.6227448
  start: 1690473615.9907143
