event_sleeping:
  end: 1690473615.988158
  start: 1690473615.9881425
