event_uptime:
  end: 1690623239.1453185
  start: 1690623166.5028522
