event_sleeping:
  end: 1690623166.4980998
  start: 1690623166.4980373
