event_uptime:
  end: 1690623590.4698606
  start: 1690623166.7197201
