event_uptime:
  end: 1690623590.3928242
  start: 1690623166.7874737
