event_uptime:
  end: 1690623590.4159102
  start: 1690623166.5924718
