event_sleeping:
  end: 1690623166.8629968
  start: 1690623166.8629847
