event_uptime:
  end: 1690623590.6038604
  start: 1690623166.8957453
