event_sleeping:
  end: 1690623166.5044847
  start: 1690623166.5044658
