event_sleeping:
  end: 1690623166.7836537
  start: 1690623166.783624
