event_uptime:
  end: 1690623590.4834242
  start: 1690623166.5899062
