event_sleeping:
  end: 1690623166.7821932
  start: 1690623166.7821789
