event_sleeping:
  end: 1690623166.5896637
  start: 1690623166.5896451
