event_sleeping:
  end: 1690623166.5032575
  start: 1690623166.5028305
