event_sleeping:
  end: 1690623166.6791458
  start: 1690623166.6791272
