event_sleeping:
  end: 1690623166.7577388
  start: 1690623166.7577195
