event_uptime:
  end: 1690623590.566564
  start: 1690623166.7801535
