event_sleeping:
  end: 1690623166.5824842
  start: 1690623166.582449
