event_uptime:
  end: 1690623590.5636513
  start: 1690623166.5080466
