event_uptime:
  end: 1690623590.5875914
  start: 1690623166.7861874
