event_uptime:
  end: 1690623590.5148504
  start: 1690623166.5077178
