event_sleeping:
  end: 1690623166.7874293
  start: 1690623166.7874157
