event_uptime:
  end: 1690623590.4942203
  start: 1690623166.8271823
