event_uptime:
  end: 1690623726.5591302
  start: 1690623166.5893397
