event_uptime:
  end: 1690623726.6837652
  start: 1690623166.8258362
