event_sleeping:
  end: 1690623166.58378
  start: 1690623166.5837438
