event_sleeping:
  end: 1690623166.500881
  start: 1690623166.5008676
