event_sleeping:
  end: 1690623166.784251
  start: 1690623166.7842321
