event_uptime:
  end: 1690623726.699119
  start: 1690623166.7533042
