event_sleeping:
  end: 1690623166.4990606
  start: 1690623166.4990394
