event_uptime:
  end: 1690623726.6062407
  start: 1690623166.658407
