event_sleeping:
  end: 1690623166.734852
  start: 1690623166.734823
