event_uptime:
  end: 1690623726.6586883
  start: 1690623166.507446
