event_sleeping:
  end: 1690623166.506683
  start: 1690623166.5066664
