event_sleeping:
  end: 1690623166.8256888
  start: 1690623166.8256707
