event_uptime:
  end: 1690623726.7107024
  start: 1690623166.504299
