event_uptime:
  end: 1690623726.6275356
  start: 1690623166.8631258
