event_uptime:
  end: 1690623726.6477077
  start: 1690623166.5492034
