event_uptime:
  end: 1690623726.7300856
  start: 1690623166.799576
