event_sleeping:
  end: 1690623166.6357875
  start: 1690623166.6357594
