event_uptime:
  end: 1690623726.4660416
  start: 1690623166.781726
