event_sleeping:
  end: 1690623166.7832887
  start: 1690623166.7832682
