event_sleeping:
  end: 1690623166.65586
  start: 1690623166.6558216
