event_uptime:
  end: 1690623486.0159762
  start: 1690623166.5033371
