event_sleeping:
  end: 1690623166.4988654
  start: 1690623166.4988515
