event_uptime:
  end: 1690623485.9548419
  start: 1690623166.6743846
