event_uptime:
  end: 1690623485.9553332
  start: 1690623166.5262997
