event_uptime:
  end: 1690623486.0425274
  start: 1690623166.7881186
