event_uptime:
  end: 1690623486.1062267
  start: 1690623166.786774
