event_uptime:
  end: 1690623485.9068127
  start: 1690623166.7834077
