event_sleeping:
  end: 1690623166.6951694
  start: 1690623166.6951547
