event_uptime:
  end: 1690623486.0612354
  start: 1690623166.8273177
