event_uptime:
  end: 1690623486.0708032
  start: 1690623166.502272
