event_sleeping:
  end: 1690623166.4978604
  start: 1690623166.4978437
