event_uptime:
  end: 1690623486.08792
  start: 1690623166.7167046
