event_sleeping:
  end: 1690623166.7816806
  start: 1690623166.781663
