event_sleeping:
  end: 1690623166.5654588
  start: 1690623166.5654323
