event_uptime:
  end: 1690623485.9188898
  start: 1690623166.5876534
