event_sleeping:
  end: 1690623166.805103
  start: 1690623166.8050885
