event_sleeping:
  end: 1690623166.785752
  start: 1690623166.7857323
