event_sleeping:
  end: 1690623166.783045
  start: 1690623166.7830307
