event_sleeping:
  end: 1690623166.505799
  start: 1690623166.5057843
