event_sleeping:
  end: 1690329759.8854685
  start: 1690329759.8854647
