event_sleeping:
  end: 1690329759.8853753
  start: 1690329759.885371
