event_sleeping:
  end: 1690329759.8855734
  start: 1690329759.8855696
