event_sleeping:
  end: 1690329759.8850386
  start: 1690329759.8850348
