event_sleeping:
  end: 1690329759.8851197
  start: 1690329759.8851159
