event_sleeping:
  end: 1690329759.8856266
  start: 1690329759.8856227
