event_sleeping:
  end: 1690548732.5681725
  start: 1690548732.5681586
