event_sleeping:
  end: 1690548731.8213694
  start: 1690548731.8213406
