event_sleeping:
  end: 1690548732.029032
  start: 1690548732.0272017
