event_sleeping:
  end: 1690548731.2904694
  start: 1690548731.2904477
