event_sleeping:
  end: 1690548732.425154
  start: 1690548732.4251397
