event_sleeping:
  end: 1690548732.2452192
  start: 1690548732.245186
