event_sleeping:
  end: 1690548731.296382
  start: 1690548731.296357
