event_sleeping:
  end: 1690548732.3338847
  start: 1690548732.3338575
