event_sleeping:
  end: 1690548731.712292
  start: 1690548731.7122545
