event_sleeping:
  end: 1690548731.58329
  start: 1690548731.5832713
