event_sleeping:
  end: 1690548731.468593
  start: 1690548731.4685786
