event_sleeping:
  end: 1690548731.884196
  start: 1690548731.8841817
