event_sleeping:
  end: 1690548731.8879905
  start: 1690548731.8879724
