event_sleeping:
  end: 1690548731.402511
  start: 1690548731.4024768
