event_sleeping:
  end: 1690548732.1393068
  start: 1690548732.139293
