event_sleeping:
  end: 1690548732.506059
  start: 1690548732.5060449
