event_sleeping:
  end: 1690548731.2959034
  start: 1690548731.2958853
