event_sleeping:
  end: 1690548731.4325404
  start: 1690548731.4325254
