event_sleeping:
  end: 1690548731.8863323
  start: 1690548731.8863158
