event_sleeping:
  end: 1690548731.4915142
  start: 1690548731.491459
