event_sleeping:
  end: 1690548732.4257298
  start: 1690548732.4257164
