event_sleeping:
  end: 1690548732.3682709
  start: 1690548732.3682575
