event_sleeping:
  end: 1690548732.2231202
  start: 1690548732.223094
