event_sleeping:
  end: 1690548731.8218355
  start: 1690548731.8218205
