event_sleeping:
  end: 1690548731.8279824
  start: 1690548731.8279684
