event_sleeping:
  end: 1690548731.6176867
  start: 1690548731.6176698
