event_sleeping:
  end: 1690548731.987851
  start: 1690548731.9878292
