event_sleeping:
  end: 1690548731.5612726
  start: 1690548731.5612557
