event_sleeping:
  end: 1690548732.0558646
  start: 1690548732.0558486
