event_sleeping:
  end: 1690548731.4402199
  start: 1690548731.4402003
