event_sleeping:
  end: 1690548732.5043333
  start: 1690548732.5043192
