event_sleeping:
  end: 1690548731.822574
  start: 1690548731.82256
