event_sleeping:
  end: 1690548732.3379934
  start: 1690548732.337979
