event_sleeping:
  end: 1690548731.3007326
  start: 1690548731.300719
