event_sleeping:
  end: 1690548732.5340676
  start: 1690548732.5340536
