event_sleeping:
  end: 1690548731.7404943
  start: 1690548731.7404757
