event_sleeping:
  end: 1690548732.2513661
  start: 1690548732.2513523
