event_sleeping:
  end: 1690548731.9603188
  start: 1690548731.9602966
