event_sleeping:
  end: 1690548731.872794
  start: 1690548731.8727713
