event_sleeping:
  end: 1690548732.1404219
  start: 1690548732.1404078
