event_sleeping:
  end: 1690548731.5898695
  start: 1690548731.5898547
