event_sleeping:
  end: 1690548731.2910905
  start: 1690548731.2909582
