event_sleeping:
  end: 1690548731.4705815
  start: 1690548731.4705687
