event_sleeping:
  end: 1690548731.7906446
  start: 1690548731.790632
