event_sleeping:
  end: 1690548731.331917
  start: 1690548731.3318992
