event_sleeping:
  end: 1690548731.294217
  start: 1690548731.2941937
