event_sleeping:
  end: 1690548732.536107
  start: 1690548732.5360932
