event_sleeping:
  end: 1690548732.570059
  start: 1690548732.5700457
