event_sleeping:
  end: 1690548731.5277615
  start: 1690548731.5277452
