event_sleeping:
  end: 1690548732.5006828
  start: 1690548732.5006692
