event_sleeping:
  end: 1690548731.4403872
  start: 1690548731.4403737
