event_sleeping:
  end: 1690548732.2518935
  start: 1690548732.251876
