event_sleeping:
  end: 1690548732.24583
  start: 1690548732.2458153
