event_sleeping:
  end: 1690548731.8495016
  start: 1690548731.8494754
