event_sleeping:
  end: 1690548732.0228636
  start: 1690548732.0227497
