event_sleeping:
  end: 1690548731.8805091
  start: 1690548731.880487
