event_sleeping:
  end: 1690548732.0590947
  start: 1690548732.0590692
