event_sleeping:
  end: 1690548731.558142
  start: 1690548731.558128
