event_sleeping:
  end: 1690548731.2978234
  start: 1690548731.2978039
