event_sleeping:
  end: 1690548732.3954425
  start: 1690548732.395425
