event_sleeping:
  end: 1690548731.8251963
  start: 1690548731.825182
