event_sleeping:
  end: 1690548731.7632408
  start: 1690548731.763215
