event_sleeping:
  end: 1690548732.1441154
  start: 1690548732.1441016
