event_sleeping:
  end: 1690548732.2837613
  start: 1690548732.2837467
