event_sleeping:
  end: 1690548732.027401
  start: 1690548732.027383
