event_sleeping:
  end: 1690548731.6212037
  start: 1690548731.6211712
