event_sleeping:
  end: 1690548732.5039067
  start: 1690548732.5038888
