event_sleeping:
  end: 1690548732.0234115
  start: 1690548732.0233924
