event_sleeping:
  end: 1690548731.5526345
  start: 1690548731.5526066
