event_sleeping:
  end: 1690548732.5689034
  start: 1690548732.568871
