event_sleeping:
  end: 1690548731.4350245
  start: 1690548731.4350095
