event_sleeping:
  end: 1690548731.8817298
  start: 1690548731.8803146
