event_sleeping:
  end: 1690548731.3013628
  start: 1690548731.301345
