event_sleeping:
  end: 1690580536.1687982
  start: 1690580536.1687915
