event_uptime:
  end: 1690580646.6006875
  start: 1690580536.19916
