event_sleeping:
  end: 1690580536.168244
  start: 1690580536.1682253
