event_uptime:
  end: 1690580576.1956546
  start: 1690580536.1710715
