event_sleeping:
  end: 1690580536.1687338
  start: 1690580536.1687148
