event_uptime:
  end: 1690580601.945174
  start: 1690580536.1708322
