event_sleeping:
  end: 1690474597.251029
  start: 1690474597.2510133
