event_sleeping:
  end: 1690474597.2545376
  start: 1690474597.254524
