event_sleeping:
  end: 1690474597.251625
  start: 1690474597.2516084
