event_sleeping:
  end: 1690474597.2508779
  start: 1690474597.25086
