event_sleeping:
  end: 1690474597.2537394
  start: 1690474597.2537217
