event_sleeping:
  end: 1690474597.254151
  start: 1690474597.2541385
