event_uptime:
  end: 1690637368.974711
  start: 1690637302.4307873
