event_sleeping:
  end: 1690637302.4281328
  start: 1690637302.4281225
