event_uptime:
  end: 1690637705.3237052
  start: 1690637302.4661665
