event_sleeping:
  end: 1690637302.4288263
  start: 1690637302.4288194
