event_uptime:
  end: 1690637841.3823843
  start: 1690637302.4684598
