event_sleeping:
  end: 1690637302.4285235
  start: 1690637302.428517
