event_uptime:
  end: 1690637604.5398839
  start: 1690637302.4480588
