event_sleeping:
  end: 1690637302.4283433
  start: 1690637302.428336
