event_uptime:
  end: 1690432651.2351053
  start: 1690432584.5411494
