event_sleeping:
  end: 1690432584.5364277
  start: 1690432584.5364144
