event_sleeping:
  end: 1690432584.5379128
  start: 1690432584.5378988
