event_sleeping:
  end: 1690432584.557531
  start: 1690432584.557513
