event_uptime:
  end: 1690432987.512465
  start: 1690432584.583842
