event_uptime:
  end: 1690432987.514798
  start: 1690432584.5413566
