event_sleeping:
  end: 1690432584.5366316
  start: 1690432584.5366158
