event_uptime:
  end: 1690433123.5878441
  start: 1690432584.5402288
