event_sleeping:
  end: 1690432584.5363302
  start: 1690432584.5363164
