event_uptime:
  end: 1690433123.4769804
  start: 1690432584.5414882
