event_uptime:
  end: 1690432886.787202
  start: 1690432584.5536795
