event_sleeping:
  end: 1690432584.538563
  start: 1690432584.53855
