event_uptime:
  end: 1690432886.7984848
  start: 1690432584.541594
