event_sleeping:
  end: 1690432584.5397413
  start: 1690432584.5397294
