event_sleeping:
  end: 1690595487.769047
  start: 1690595487.7690318
