event_sleeping:
  end: 1690595487.771147
  start: 1690595487.77113
