event_sleeping:
  end: 1690595487.7725515
  start: 1690595487.7725368
