event_sleeping:
  end: 1690595487.775258
  start: 1690595487.7752438
