event_sleeping:
  end: 1690595487.7759202
  start: 1690595487.7758927
