event_sleeping:
  end: 1690595487.7677512
  start: 1690595487.767738
