event_sleeping:
  end: 1690595487.7732823
  start: 1690595487.773268
