event_sleeping:
  end: 1690595487.7749226
  start: 1690595487.7749019
