event_sleeping:
  end: 1690595487.7668417
  start: 1690595487.766827
