event_sleeping:
  end: 1690595487.7707245
  start: 1690595487.770711
