event_sleeping:
  end: 1690595487.7767076
  start: 1690595487.7766738
