event_sleeping:
  end: 1690595487.7718554
  start: 1690595487.7718418
