event_sleeping:
  end: 1690564154.0002975
  start: 1690564154.0002902
