event_sleeping:
  end: 1690564154.0006723
  start: 1690564154.0006654
