event_sleeping:
  end: 1690564154.0042784
  start: 1690564154.004267
