event_sleeping:
  end: 1690564154.00419
  start: 1690564154.004179
