event_sleeping:
  end: 1690564154.0016544
  start: 1690564154.001647
