event_sleeping:
  end: 1690564154.0011735
  start: 1690564154.001166
