event_sleeping:
  end: 1690325459.1396987
  start: 1690325459.1396966
