event_uptime:
  end: 1690325531.6195416
  start: 1690325459.1435535
