event_sleeping:
  end: 1690325459.1855588
  start: 1690325459.1855545
