event_uptime:
  end: 1690325883.0257423
  start: 1690325459.1572943
