event_uptime:
  end: 1690325882.9305673
  start: 1690325459.1498866
