event_uptime:
  end: 1690325882.9554262
  start: 1690325459.1989136
