event_uptime:
  end: 1690325882.923068
  start: 1690325459.172649
