event_uptime:
  end: 1690325883.0377772
  start: 1690325459.2109632
