event_uptime:
  end: 1690325882.9974794
  start: 1690325459.1857696
