event_sleeping:
  end: 1690325459.141065
  start: 1690325459.1410608
