event_sleeping:
  end: 1690325459.1746733
  start: 1690325459.1746695
