event_sleeping:
  end: 1690325459.207337
  start: 1690325459.2073314
