event_sleeping:
  end: 1690325459.1451576
  start: 1690325459.1451533
