event_sleeping:
  end: 1690325459.168648
  start: 1690325459.1686394
