event_sleeping:
  end: 1690325459.1906173
  start: 1690325459.1906135
