event_sleeping:
  end: 1690325459.195509
  start: 1690325459.1955047
