event_sleeping:
  end: 1690325459.1819963
  start: 1690325459.1819894
