event_uptime:
  end: 1690325883.024876
  start: 1690325459.1775384
