event_sleeping:
  end: 1690325459.155704
  start: 1690325459.1556978
