event_uptime:
  end: 1690325883.0143514
  start: 1690325459.1446612
