event_uptime:
  end: 1690325882.9050052
  start: 1690325459.1898735
