event_sleeping:
  end: 1690325459.1904016
  start: 1690325459.1903975
