event_sleeping:
  end: 1690325459.174746
  start: 1690325459.1747422
