event_uptime:
  end: 1690326018.949382
  start: 1690325459.1957483
