event_sleeping:
  end: 1690325459.1554766
  start: 1690325459.1554723
