event_uptime:
  end: 1690326019.0701509
  start: 1690325459.1463068
