event_uptime:
  end: 1690326019.0541053
  start: 1690325459.1660938
