event_uptime:
  end: 1690326019.0812056
  start: 1690325459.1769736
