event_uptime:
  end: 1690326019.1322584
  start: 1690325459.1752388
