event_uptime:
  end: 1690326019.1384888
  start: 1690325459.1575005
