event_uptime:
  end: 1690326019.0813932
  start: 1690325459.1956272
