event_sleeping:
  end: 1690325459.1857107
  start: 1690325459.1857076
