event_uptime:
  end: 1690326018.9617946
  start: 1690325459.1904128
