event_sleeping:
  end: 1690325459.16266
  start: 1690325459.1626556
