event_sleeping:
  end: 1690325459.1731756
  start: 1690325459.1731644
