event_uptime:
  end: 1690326019.1298294
  start: 1690325459.2075284
