event_sleeping:
  end: 1690325459.143247
  start: 1690325459.1432426
