event_sleeping:
  end: 1690325459.1927836
  start: 1690325459.192777
