event_uptime:
  end: 1690326019.1297686
  start: 1690325459.1434693
