event_sleeping:
  end: 1690325459.204009
  start: 1690325459.2040033
