event_sleeping:
  end: 1690325459.1407766
  start: 1690325459.1407723
