event_sleeping:
  end: 1690325459.1941304
  start: 1690325459.1941268
