event_uptime:
  end: 1690325778.4701242
  start: 1690325459.1928499
