event_sleeping:
  end: 1690325459.1425805
  start: 1690325459.1425765
