event_sleeping:
  end: 1690325459.1894116
  start: 1690325459.1894069
