event_uptime:
  end: 1690325778.4054368
  start: 1690325459.1958838
