event_sleeping:
  end: 1690325459.174466
  start: 1690325459.1744614
