event_uptime:
  end: 1690325778.487003
  start: 1690325459.1798558
