event_sleeping:
  end: 1690325459.1405833
  start: 1690325459.1405787
