event_sleeping:
  end: 1690325459.176621
  start: 1690325459.176616
