event_uptime:
  end: 1690325778.4975839
  start: 1690325459.1462305
