event_sleeping:
  end: 1690325459.15701
  start: 1690325459.1570055
