event_uptime:
  end: 1690325778.4585273
  start: 1690325459.1433682
