event_uptime:
  end: 1690325778.409491
  start: 1690325459.1452487
