event_sleeping:
  end: 1690325459.1854017
  start: 1690325459.1853974
