event_uptime:
  end: 1690325778.4886622
  start: 1690325459.176524
