event_sleeping:
  end: 1690325459.19858
  start: 1690325459.198568
