event_uptime:
  end: 1690325778.5138078
  start: 1690325459.2049975
