event_uptime:
  end: 1690325778.3620083
  start: 1690325459.1894913
