event_sleeping:
  end: 1690325459.1437895
  start: 1690325459.1437857
