event_uptime:
  end: 1690325778.3817573
  start: 1690325459.161953
