event_sleeping:
  end: 1690541186.2404864
  start: 1690541186.240482
