event_sleeping:
  end: 1690541186.6651573
  start: 1690541186.665141
