event_sleeping:
  end: 1690541186.6218646
  start: 1690541186.62185
