event_sleeping:
  end: 1690541186.3309143
  start: 1690541186.3306074
