event_sleeping:
  end: 1690541186.3298352
  start: 1690541186.3298132
