event_sleeping:
  end: 1690541186.4724984
  start: 1690541186.4724786
