event_sleeping:
  end: 1690541186.6200597
  start: 1690541186.620046
