event_sleeping:
  end: 1690541186.5009468
  start: 1690541186.500933
