event_sleeping:
  end: 1690541186.6197717
  start: 1690541186.6197584
