event_sleeping:
  end: 1690541186.4998002
  start: 1690541186.4997873
