event_sleeping:
  end: 1690541186.623528
  start: 1690541186.6235137
