event_sleeping:
  end: 1690541186.4699442
  start: 1690541186.4699323
