event_sleeping:
  end: 1690541186.332362
  start: 1690541186.3323343
