event_sleeping:
  end: 1690541186.4701076
  start: 1690541186.4700928
