event_sleeping:
  end: 1690541186.4709466
  start: 1690541186.4709275
