event_sleeping:
  end: 1690541186.4702685
  start: 1690541186.4702446
