event_sleeping:
  end: 1690541186.467952
  start: 1690541186.4679363
