event_sleeping:
  end: 1690541186.334543
  start: 1690541186.3345368
