event_sleeping:
  end: 1690541186.469095
  start: 1690541186.4690766
