event_sleeping:
  end: 1690541186.6210473
  start: 1690541186.6210353
