event_sleeping:
  end: 1690541186.2384238
  start: 1690541186.238408
