event_sleeping:
  end: 1690541186.5929863
  start: 1690541186.592969
