event_sleeping:
  end: 1690541186.5005274
  start: 1690541186.5005143
