event_sleeping:
  end: 1690541186.4713993
  start: 1690541186.471388
