event_sleeping:
  end: 1690541186.5941513
  start: 1690541186.5941274
