event_sleeping:
  end: 1690541186.3314974
  start: 1690541186.331483
