event_sleeping:
  end: 1690541186.5919242
  start: 1690541186.5919073
