event_sleeping:
  end: 1690541186.6228237
  start: 1690541186.6228094
