event_sleeping:
  end: 1690541186.468379
  start: 1690541186.4683654
