event_sleeping:
  end: 1690541186.2313719
  start: 1690541186.2313566
