event_sleeping:
  end: 1690541186.32832
  start: 1690541186.328297
