event_sleeping:
  end: 1690541186.2334661
  start: 1690541186.2334526
