event_sleeping:
  end: 1690541186.3347778
  start: 1690541186.334771
