event_sleeping:
  end: 1690541186.2373466
  start: 1690541186.236524
