event_sleeping:
  end: 1690541186.332387
  start: 1690541186.3316903
