event_sleeping:
  end: 1690541186.500104
  start: 1690541186.5000901
