event_sleeping:
  end: 1690541186.332418
  start: 1690541186.3321517
