event_sleeping:
  end: 1690541186.4707952
  start: 1690541186.470777
