event_sleeping:
  end: 1690541186.3330731
  start: 1690541186.33306
