event_sleeping:
  end: 1690541186.4733734
  start: 1690541186.4733596
