event_sleeping:
  end: 1690541186.4687088
  start: 1690541186.4686935
