event_sleeping:
  end: 1690541186.4705443
  start: 1690541186.470523
