event_sleeping:
  end: 1690541186.6243804
  start: 1690541186.6243641
