event_sleeping:
  end: 1690541186.4688606
  start: 1690541186.4688413
