event_sleeping:
  end: 1690541186.6188502
  start: 1690541186.6188364
