event_sleeping:
  end: 1690541186.6230702
  start: 1690541186.623058
