event_sleeping:
  end: 1690541186.3341515
  start: 1690541186.3341384
