event_sleeping:
  end: 1690541186.3312638
  start: 1690541186.331248
