event_sleeping:
  end: 1690541186.623314
  start: 1690541186.6232996
