event_sleeping:
  end: 1690541186.4715366
  start: 1690541186.4715137
