event_sleeping:
  end: 1690541186.472799
  start: 1690541186.4727437
