event_sleeping:
  end: 1690541186.284828
  start: 1690541186.2848034
