event_sleeping:
  end: 1690541186.645133
  start: 1690541186.6451173
