event_sleeping:
  end: 1690541186.6221366
  start: 1690541186.6221223
