event_sleeping:
  end: 1690541186.3332825
  start: 1690541186.3332632
