event_sleeping:
  end: 1690541186.2413538
  start: 1690541186.241348
