event_sleeping:
  end: 1690541186.624542
  start: 1690541186.6245046
