event_sleeping:
  end: 1690541186.4694288
  start: 1690541186.469399
