event_sleeping:
  end: 1690541186.5950086
  start: 1690541186.5949914
