event_sleeping:
  end: 1690541186.2350845
  start: 1690541186.2350693
