event_sleeping:
  end: 1690541186.592588
  start: 1690541186.592573
