event_sleeping:
  end: 1690541186.5012648
  start: 1690541186.5012507
