event_sleeping:
  end: 1690541186.5944602
  start: 1690541186.5944238
