event_sleeping:
  end: 1690541186.4612257
  start: 1690541186.4611766
