event_sleeping:
  end: 1690541186.4979956
  start: 1690541186.4979825
