event_sleeping:
  end: 1690541186.3308554
  start: 1690541186.3308322
