event_sleeping:
  end: 1690541186.4729726
  start: 1690541186.47296
