event_sleeping:
  end: 1690541186.6168437
  start: 1690541186.6168282
