event_sleeping:
  end: 1690541186.4712098
  start: 1690541186.4711902
