event_uptime:
  end: 1690582521.4947038
  start: 1690582452.844726
