event_sleeping:
  end: 1690582452.8429139
  start: 1690582452.8429067
