event_sleeping:
  end: 1690582452.8434403
  start: 1690582452.8434331
