event_uptime:
  end: 1690582511.2287283
  start: 1690582452.8593726
