event_sleeping:
  end: 1690582452.843287
  start: 1690582452.84328
