event_uptime:
  end: 1690582464.903641
  start: 1690582452.8623538
