event_sleeping:
  end: 1690582452.8431327
  start: 1690582452.843126
