event_uptime:
  end: 1690582484.5590444
  start: 1690582452.8458169
