event_sleeping:
  end: 1690431990.4809728
  start: 1690431990.4809608
