event_uptime:
  end: 1690432061.8389826
  start: 1690431990.4829977
