event_uptime:
  end: 1690432413.3685164
  start: 1690431990.4842296
