event_sleeping:
  end: 1690431990.4816792
  start: 1690431990.4816723
