event_uptime:
  end: 1690432549.394973
  start: 1690431990.4959073
