event_sleeping:
  end: 1690431990.481537
  start: 1690431990.4815264
