event_uptime:
  end: 1690432308.787642
  start: 1690431990.51137
