event_sleeping:
  end: 1690431990.481368
  start: 1690431990.4812677
