event_sleeping:
  end: 1690600218.2954328
  start: 1690600218.2954195
