event_sleeping:
  end: 1690600218.3023913
  start: 1690600218.3023705
