event_sleeping:
  end: 1690600218.5154603
  start: 1690600218.5154462
