event_sleeping:
  end: 1690600218.2991652
  start: 1690600218.2991405
