event_sleeping:
  end: 1690600218.3471513
  start: 1690600218.3471375
