event_sleeping:
  end: 1690600218.5408745
  start: 1690600218.5408616
