event_sleeping:
  end: 1690600218.6308024
  start: 1690600218.6307821
