event_sleeping:
  end: 1690600218.370698
  start: 1690600218.3706856
