event_sleeping:
  end: 1690600218.470409
  start: 1690600218.4703953
