event_sleeping:
  end: 1690600218.513873
  start: 1690600218.5138597
