event_sleeping:
  end: 1690600218.6494782
  start: 1690600218.6494462
