event_sleeping:
  end: 1690600218.5133617
  start: 1690600218.513346
