event_sleeping:
  end: 1690600218.538142
  start: 1690600218.5381272
