event_sleeping:
  end: 1690600218.4299858
  start: 1690600218.4299707
