event_sleeping:
  end: 1690600218.4323633
  start: 1690600218.4323337
