event_sleeping:
  end: 1690600218.295851
  start: 1690600218.295837
