event_sleeping:
  end: 1690600218.4082325
  start: 1690600218.408202
