event_sleeping:
  end: 1690600218.6076195
  start: 1690600218.6076005
