event_sleeping:
  end: 1690600218.4670768
  start: 1690600218.467029
