event_sleeping:
  end: 1690600218.512169
  start: 1690600218.5121531
