event_sleeping:
  end: 1690600218.2984052
  start: 1690600218.2983923
