event_sleeping:
  end: 1690600218.5385158
  start: 1690600218.5385013
