event_sleeping:
  end: 1690600218.6503134
  start: 1690600218.6502995
