event_sleeping:
  end: 1690600218.3475292
  start: 1690600218.3475149
