event_sleeping:
  end: 1690600218.5182073
  start: 1690600218.5181942
