event_sleeping:
  end: 1690600218.3210826
  start: 1690600218.3210304
