event_sleeping:
  end: 1690600218.449603
  start: 1690600218.449587
