event_sleeping:
  end: 1690600218.514587
  start: 1690600218.5145702
