event_sleeping:
  end: 1690600218.6301513
  start: 1690600218.630133
