event_sleeping:
  end: 1690600218.5115383
  start: 1690600218.5115228
