event_sleeping:
  end: 1690600218.3291283
  start: 1690600218.329115
