event_sleeping:
  end: 1690600218.2964647
  start: 1690600218.2964294
