event_uptime:
  end: 1690338933.03852
  start: 1690338861.1501198
