event_sleeping:
  end: 1690338861.1487699
  start: 1690338861.1487653
