event_sleeping:
  end: 1690338861.1513927
  start: 1690338861.1513886
