event_sleeping:
  end: 1690338861.1558564
  start: 1690338861.1558516
