event_uptime:
  end: 1690339284.4659367
  start: 1690338861.1761436
