event_uptime:
  end: 1690339284.4637053
  start: 1690338861.1847055
