event_sleeping:
  end: 1690338861.1685448
  start: 1690338861.1685379
