event_sleeping:
  end: 1690338861.1729443
  start: 1690338861.1729379
