event_sleeping:
  end: 1690338861.1800287
  start: 1690338861.1800246
