event_uptime:
  end: 1690339284.4780397
  start: 1690338861.1578836
