event_uptime:
  end: 1690339284.4691768
  start: 1690338861.1545126
