event_uptime:
  end: 1690339284.4821315
  start: 1690338861.1699874
