event_uptime:
  end: 1690339420.514937
  start: 1690338861.1518223
