event_sleeping:
  end: 1690338861.1499524
  start: 1690338861.1499481
