event_uptime:
  end: 1690339420.5181947
  start: 1690338861.170659
