event_sleeping:
  end: 1690338861.1761293
  start: 1690338861.1761246
