event_uptime:
  end: 1690339420.571222
  start: 1690338861.157685
