event_uptime:
  end: 1690339420.5737143
  start: 1690338861.1662138
