event_sleeping:
  end: 1690338861.1687436
  start: 1690338861.1687353
