event_sleeping:
  end: 1690338861.1615143
  start: 1690338861.161509
