event_sleeping:
  end: 1690338861.1523538
  start: 1690338861.1523497
