event_uptime:
  end: 1690339420.5306282
  start: 1690338861.1795268
