event_uptime:
  end: 1690339179.9403162
  start: 1690338861.1512702
