event_sleeping:
  end: 1690338861.1699746
  start: 1690338861.1699705
