event_sleeping:
  end: 1690338861.1574657
  start: 1690338861.157461
