event_uptime:
  end: 1690339179.914128
  start: 1690338861.1774092
