event_uptime:
  end: 1690339179.9673362
  start: 1690338861.1525798
