event_sleeping:
  end: 1690338861.1496923
  start: 1690338861.149688
