event_uptime:
  end: 1690339179.9379942
  start: 1690338861.1611314
