event_sleeping:
  end: 1690338861.1759882
  start: 1690338861.1759841
