event_uptime:
  end: 1690339179.8978894
  start: 1690338861.1722193
