event_sleeping:
  end: 1690338861.1510835
  start: 1690338861.1510794
