event_sleeping:
  end: 1690490197.8794754
  start: 1690490197.8794622
