event_sleeping:
  end: 1690490197.8323102
  start: 1690490197.8322952
