event_sleeping:
  end: 1690490197.7649634
  start: 1690490197.764951
