event_sleeping:
  end: 1690490198.4612222
  start: 1690490198.4612095
