event_sleeping:
  end: 1690490197.693745
  start: 1690490197.6937318
