event_sleeping:
  end: 1690490198.3678143
  start: 1690490198.367799
