event_sleeping:
  end: 1690490198.1011853
  start: 1690490198.1011686
