event_sleeping:
  end: 1690490198.3204448
  start: 1690490198.3204322
