event_sleeping:
  end: 1690490198.43088
  start: 1690490198.4308667
