event_sleeping:
  end: 1690490197.548617
  start: 1690490197.5486023
