event_sleeping:
  end: 1690490198.2999778
  start: 1690490198.2999642
