event_sleeping:
  end: 1690490197.5433006
  start: 1690490197.5432823
