event_sleeping:
  end: 1690490198.2224717
  start: 1690490198.2224584
