event_sleeping:
  end: 1690490197.7241843
  start: 1690490197.724171
