event_sleeping:
  end: 1690490197.9511302
  start: 1690490197.9511147
