event_sleeping:
  end: 1690490197.7256308
  start: 1690490197.7256145
