event_sleeping:
  end: 1690490197.857916
  start: 1690490197.8578987
