event_sleeping:
  end: 1690490198.4304955
  start: 1690490198.4304814
