event_sleeping:
  end: 1690490198.2493696
  start: 1690490198.2493556
