event_sleeping:
  end: 1690490197.6652644
  start: 1690490197.665247
