event_sleeping:
  end: 1690490198.434367
  start: 1690490198.4324522
