event_sleeping:
  end: 1690490198.3652904
  start: 1690490198.3652759
