event_sleeping:
  end: 1690490197.5413558
  start: 1690490197.541234
