event_sleeping:
  end: 1690490198.105435
  start: 1690490198.1054223
