event_sleeping:
  end: 1690490198.34111
  start: 1690490198.3410838
