event_sleeping:
  end: 1690490197.7688673
  start: 1690490197.7688546
