event_sleeping:
  end: 1690490197.591918
  start: 1690490197.5918963
