event_sleeping:
  end: 1690490198.1940641
  start: 1690490198.194017
