event_sleeping:
  end: 1690490197.7006044
  start: 1690490197.70059
