event_sleeping:
  end: 1690490197.9441218
  start: 1690490197.9441051
