event_sleeping:
  end: 1690490197.876637
  start: 1690490197.8765914
