event_sleeping:
  end: 1690490198.4315739
  start: 1690490198.4315603
