event_sleeping:
  end: 1690490197.726248
  start: 1690490197.7262352
