event_sleeping:
  end: 1690490198.3628354
  start: 1690490198.3628194
