event_sleeping:
  end: 1690490197.543749
  start: 1690490197.5437324
