event_sleeping:
  end: 1690490197.8085582
  start: 1690490197.8085437
