event_sleeping:
  end: 1690490197.5408537
  start: 1690490197.5408435
