event_sleeping:
  end: 1690490198.3693542
  start: 1690490198.3693395
