event_sleeping:
  end: 1690490198.1074212
  start: 1690490198.107407
