event_sleeping:
  end: 1690490198.2742643
  start: 1690490198.274248
