event_sleeping:
  end: 1690490197.594676
  start: 1690490197.5946586
