event_sleeping:
  end: 1690490198.2229319
  start: 1690490198.222919
