event_sleeping:
  end: 1690490197.693043
  start: 1690490197.6930249
