event_sleeping:
  end: 1690490198.4617887
  start: 1690490198.4617767
