event_sleeping:
  end: 1690490197.8101923
  start: 1690490197.8101802
