event_sleeping:
  end: 1690490197.968073
  start: 1690490197.968051
