event_sleeping:
  end: 1690490198.365833
  start: 1690490198.365819
