event_sleeping:
  end: 1690490197.831155
  start: 1690490197.8311415
