event_sleeping:
  end: 1690490197.7604883
  start: 1690490197.7604706
