event_sleeping:
  end: 1690490198.461633
  start: 1690490198.4616187
