event_sleeping:
  end: 1690490198.318848
  start: 1690490198.3188324
