event_sleeping:
  end: 1690490198.1116416
  start: 1690490198.111625
