event_sleeping:
  end: 1690490198.538378
  start: 1690490198.5383525
