event_sleeping:
  end: 1690490198.4278376
  start: 1690490198.427822
