event_sleeping:
  end: 1690490197.5452018
  start: 1690490197.5451887
