event_sleeping:
  end: 1690490197.906631
  start: 1690490197.9066148
