event_sleeping:
  end: 1690490198.0598402
  start: 1690490198.0598257
