event_sleeping:
  end: 1690490198.2488308
  start: 1690490198.2488122
