event_sleeping:
  end: 1690490197.6979766
  start: 1690490197.6979642
