event_sleeping:
  end: 1690490197.6284895
  start: 1690490197.6284528
