event_sleeping:
  end: 1690490197.7861762
  start: 1690490197.786161
