event_sleeping:
  end: 1690490198.435378
  start: 1690490198.4353664
