event_sleeping:
  end: 1690490197.668125
  start: 1690490197.6681118
