event_sleeping:
  end: 1690490197.8859394
  start: 1690490197.8859248
