event_sleeping:
  end: 1690490198.3396523
  start: 1690490198.3396304
