event_sleeping:
  end: 1690490197.5449047
  start: 1690490197.5448923
