event_sleeping:
  end: 1690490197.7615314
  start: 1690490197.761519
