event_sleeping:
  end: 1690490198.4651423
  start: 1690490198.465124
