event_sleeping:
  end: 1690490197.8125355
  start: 1690490197.8125203
