event_sleeping:
  end: 1690490198.4260578
  start: 1690490198.4260328
