event_sleeping:
  end: 1690490198.299073
  start: 1690490198.2990613
