event_sleeping:
  end: 1690490198.2419891
  start: 1690490198.2419438
