event_sleeping:
  end: 1690490198.1080716
  start: 1690490198.1080573
