event_sleeping:
  end: 1690490197.7010646
  start: 1690490197.7010496
