event_sleeping:
  end: 1690490198.0560527
  start: 1690490198.0560374
