event_sleeping:
  end: 1690474141.4297416
  start: 1690474141.4297287
