event_sleeping:
  end: 1690474141.5322497
  start: 1690474141.5322332
