event_sleeping:
  end: 1690474141.4342043
  start: 1690474141.4341915
