event_sleeping:
  end: 1690474141.4616544
  start: 1690474141.461641
