event_sleeping:
  end: 1690474141.549641
  start: 1690474141.5496173
