event_sleeping:
  end: 1690474141.6094704
  start: 1690474141.609455
