event_sleeping:
  end: 1690474141.441384
  start: 1690474141.4413717
