event_sleeping:
  end: 1690474141.4399943
  start: 1690474141.439979
