event_sleeping:
  end: 1690474141.5326462
  start: 1690474141.532633
