event_sleeping:
  end: 1690474141.4361203
  start: 1690474141.436106
