event_sleeping:
  end: 1690474141.479099
  start: 1690474141.479081
