event_sleeping:
  end: 1690474141.4340374
  start: 1690474141.4337661
