event_sleeping:
  end: 1690474141.4364698
  start: 1690474141.4364564
