event_sleeping:
  end: 1690474141.626957
  start: 1690474141.6269307
