event_sleeping:
  end: 1690474141.5443876
  start: 1690474141.5443687
