event_sleeping:
  end: 1690474141.4776108
  start: 1690474141.477586
