event_sleeping:
  end: 1690474141.4402661
  start: 1690474141.4402502
