event_sleeping:
  end: 1690474141.4404864
  start: 1690474141.4404728
