event_sleeping:
  end: 1690474141.659057
  start: 1690474141.6590416
