event_sleeping:
  end: 1690474141.480446
  start: 1690474141.4804335
