event_sleeping:
  end: 1690474141.481139
  start: 1690474141.48112
