event_sleeping:
  end: 1690474141.4301703
  start: 1690474141.430154
