event_sleeping:
  end: 1690602688.8427174
  start: 1690602688.842704
