event_uptime:
  end: 1690602758.8918314
  start: 1690602688.8640602
