event_sleeping:
  end: 1690602688.8177397
  start: 1690602688.8177116
