event_sleeping:
  end: 1690602688.880135
  start: 1690602688.8801193
