event_uptime:
  end: 1690602754.0918112
  start: 1690602688.8750474
