event_uptime:
  end: 1690602762.2948375
  start: 1690602688.9421737
