event_uptime:
  end: 1690602758.2947888
  start: 1690602688.944634
