event_uptime:
  end: 1690602784.4359362
  start: 1690602688.842853
