event_sleeping:
  end: 1690602688.809047
  start: 1690602688.8090293
