event_sleeping:
  end: 1690602688.901429
  start: 1690602688.9014122
