event_sleeping:
  end: 1690602688.864023
  start: 1690602688.8640091
