event_uptime:
  end: 1690602748.5524507
  start: 1690602688.8124635
