event_sleeping:
  end: 1690602688.8795094
  start: 1690602688.8794954
