event_uptime:
  end: 1690602773.8918319
  start: 1690602688.916172
