event_sleeping:
  end: 1690602688.8128798
  start: 1690602688.8128679
