event_uptime:
  end: 1690602766.1120667
  start: 1690602688.8145351
