event_uptime:
  end: 1690602754.7747786
  start: 1690602688.8142078
