event_sleeping:
  end: 1690602688.8124204
  start: 1690602688.8124087
