event_uptime:
  end: 1690602776.690752
  start: 1690602688.80961
