event_sleeping:
  end: 1690602688.804734
  start: 1690602688.8047206
