event_uptime:
  end: 1690602748.2576494
  start: 1690602688.8100903
