event_sleeping:
  end: 1690602688.8052754
  start: 1690602688.8052619
