event_uptime:
  end: 1690602755.6953514
  start: 1690602688.8188732
