event_sleeping:
  end: 1690602688.8148603
  start: 1690602688.8148472
