event_uptime:
  end: 1690602757.7352185
  start: 1690602688.8409765
