event_sleeping:
  end: 1690602688.8144748
  start: 1690602688.8144577
