event_uptime:
  end: 1690602745.0860093
  start: 1690602688.817399
