event_sleeping:
  end: 1690602688.8186898
  start: 1690602688.8186762
