event_uptime:
  end: 1690602771.1773481
  start: 1690602688.8582695
