event_uptime:
  end: 1690602700.9572172
  start: 1690602688.8134537
