event_sleeping:
  end: 1690602688.8098912
  start: 1690602688.809878
