event_sleeping:
  end: 1690602688.8149931
  start: 1690602688.8149788
