event_uptime:
  end: 1690602722.1556585
  start: 1690602688.8190215
