event_uptime:
  end: 1690469435.5077994
  start: 1690469324.7111032
