event_sleeping:
  end: 1690469324.7078583
  start: 1690469324.7078452
