event_sleeping:
  end: 1690469324.709249
  start: 1690469324.7092338
