event_uptime:
  end: 1690469429.3610518
  start: 1690469324.7115855
