event_sleeping:
  end: 1690469324.7130365
  start: 1690469324.7129824
