event_uptime:
  end: 1690469439.3274531
  start: 1690469324.7455354
