event_sleeping:
  end: 1690469324.7114172
  start: 1690469324.711399
