event_uptime:
  end: 1690469432.4745111
  start: 1690469324.713182
