event_uptime:
  end: 1690469478.9709737
  start: 1690469324.7804193
