event_sleeping:
  end: 1690469324.761577
  start: 1690469324.7615373
