event_sleeping:
  end: 1690469324.7071433
  start: 1690469324.7071283
