event_uptime:
  end: 1690469364.719099
  start: 1690469324.7114387
