event_sleeping:
  end: 1690469324.710859
  start: 1690469324.7108433
