event_uptime:
  end: 1690469391.0036418
  start: 1690469324.7130551
