event_sleeping:
  end: 1690425165.966915
  start: 1690425165.9669006
