event_sleeping:
  end: 1690425165.7750914
  start: 1690425165.775048
