event_sleeping:
  end: 1690425165.9310777
  start: 1690425165.9310641
