event_sleeping:
  end: 1690425165.704004
  start: 1690425165.7039766
