event_sleeping:
  end: 1690425165.7090237
  start: 1690425165.7090116
