event_sleeping:
  end: 1690425165.708233
  start: 1690425165.708212
