event_sleeping:
  end: 1690425165.9304547
  start: 1690425165.9304347
