event_sleeping:
  end: 1690425165.777752
  start: 1690425165.7777245
