event_sleeping:
  end: 1690425165.9666972
  start: 1690425165.966683
