event_sleeping:
  end: 1690425165.708402
  start: 1690425165.7062569
