event_sleeping:
  end: 1690425165.7107115
  start: 1690425165.7106986
