event_sleeping:
  end: 1690425165.7012546
  start: 1690425165.701238
