event_sleeping:
  end: 1690425165.8413742
  start: 1690425165.8413377
