event_sleeping:
  end: 1690425165.9468265
  start: 1690425165.9467993
