event_sleeping:
  end: 1690425165.7066915
  start: 1690425165.7066522
