event_sleeping:
  end: 1690425165.967226
  start: 1690425165.9672065
