event_sleeping:
  end: 1690425165.7344267
  start: 1690425165.7343936
