event_sleeping:
  end: 1690425165.704402
  start: 1690425165.7043853
