event_sleeping:
  end: 1690425165.9496741
  start: 1690425165.9496617
