event_sleeping:
  end: 1690425165.989842
  start: 1690425165.9898243
