event_sleeping:
  end: 1690425165.896863
  start: 1690425165.8968496
