event_sleeping:
  end: 1690425165.988632
  start: 1690425165.9886196
