event_sleeping:
  end: 1690425165.7324357
  start: 1690425165.7324204
