event_sleeping:
  end: 1690425165.9664342
  start: 1690425165.966421
