event_sleeping:
  end: 1690425165.8462322
  start: 1690425165.8462186
