event_sleeping:
  end: 1690425165.703585
  start: 1690425165.703566
