event_sleeping:
  end: 1690411900.3160975
  start: 1690411900.3160827
