event_sleeping:
  end: 1690345527.3002136
  start: 1690345527.3002098
