event_sleeping:
  end: 1690345527.3000631
  start: 1690345527.3000593
