event_sleeping:
  end: 1690345527.299778
  start: 1690345527.299774
