event_sleeping:
  end: 1690345527.301691
  start: 1690345527.3016875
