event_sleeping:
  end: 1690345527.302606
  start: 1690345527.302602
