event_sleeping:
  end: 1690345527.3011706
  start: 1690345527.3011668
