event_sleeping:
  end: 1690345191.699233
  start: 1690345191.6992295
