event_sleeping:
  end: 1690345191.6982374
  start: 1690345191.6982338
