event_sleeping:
  end: 1690345191.6989799
  start: 1690345191.6989765
