event_sleeping:
  end: 1690345191.6973352
  start: 1690345191.6973314
