event_sleeping:
  end: 1690345191.69758
  start: 1690345191.6975763
