event_sleeping:
  end: 1690345191.6996646
  start: 1690345191.699661
