event_sleeping:
  end: 1690545253.3529594
  start: 1690545253.3529377
