event_sleeping:
  end: 1690545253.6298938
  start: 1690545253.629876
