event_sleeping:
  end: 1690545253.542698
  start: 1690545253.5426834
