event_sleeping:
  end: 1690545253.1581328
  start: 1690545253.1581202
