event_sleeping:
  end: 1690545253.3648717
  start: 1690545253.3648505
