event_sleeping:
  end: 1690545253.3069108
  start: 1690545253.306893
