event_sleeping:
  end: 1690545253.1521206
  start: 1690545253.1521072
