event_sleeping:
  end: 1690545253.4614928
  start: 1690545253.4614325
