event_sleeping:
  end: 1690545253.5151777
  start: 1690545253.5131238
