event_sleeping:
  end: 1690545253.0401745
  start: 1690545253.0401607
