event_sleeping:
  end: 1690545253.0400128
  start: 1690545253.0399988
