event_sleeping:
  end: 1690545253.5074503
  start: 1690545253.507422
