event_sleeping:
  end: 1690545253.3600702
  start: 1690545253.360045
