event_sleeping:
  end: 1690545253.1549175
  start: 1690545253.1549025
