event_sleeping:
  end: 1690545253.0906427
  start: 1690545253.0906224
