event_sleeping:
  end: 1690545253.6281738
  start: 1690545253.6281602
