event_sleeping:
  end: 1690545253.234061
  start: 1690545253.2340472
