event_sleeping:
  end: 1690545253.3980265
  start: 1690545253.3980126
