event_sleeping:
  end: 1690545253.519383
  start: 1690545253.519371
