event_sleeping:
  end: 1690545253.330146
  start: 1690545253.3301194
