event_sleeping:
  end: 1690545253.5829556
  start: 1690545253.5829394
