event_sleeping:
  end: 1690545253.3537946
  start: 1690545253.3537793
