event_sleeping:
  end: 1690545253.1871552
  start: 1690545253.187142
