event_sleeping:
  end: 1690545253.0417645
  start: 1690545253.0417495
