event_sleeping:
  end: 1690545253.3641212
  start: 1690545253.364107
