event_sleeping:
  end: 1690545253.7562582
  start: 1690545253.7562408
