event_sleeping:
  end: 1690545253.519113
  start: 1690545253.5190995
