event_sleeping:
  end: 1690545253.1499991
  start: 1690545253.1499832
