event_sleeping:
  end: 1690545253.4629014
  start: 1690545253.4628727
