event_sleeping:
  end: 1690545253.2611902
  start: 1690545253.2611759
