event_sleeping:
  end: 1690545253.0404124
  start: 1690545253.0403993
