event_sleeping:
  end: 1690545253.3066373
  start: 1690545253.306623
