event_sleeping:
  end: 1690545253.392024
  start: 1690545253.3920023
