event_sleeping:
  end: 1690545253.6046414
  start: 1690545253.604629
