event_sleeping:
  end: 1690545253.3593638
  start: 1690545253.359347
