event_sleeping:
  end: 1690545253.5154142
  start: 1690545253.5153995
