event_sleeping:
  end: 1690545253.17434
  start: 1690545253.1742897
