event_sleeping:
  end: 1690545253.2329693
  start: 1690545253.232954
