event_sleeping:
  end: 1690545253.7839065
  start: 1690545253.7838748
