event_sleeping:
  end: 1690545253.5184007
  start: 1690545253.5183864
