event_sleeping:
  end: 1690545253.085182
  start: 1690545253.0851552
