event_sleeping:
  end: 1690545253.6241198
  start: 1690545253.6240928
