event_sleeping:
  end: 1690545253.1540854
  start: 1690545253.1540723
