event_sleeping:
  end: 1690545253.2300086
  start: 1690545253.2299938
