event_sleeping:
  end: 1690545253.7332942
  start: 1690545253.7332568
