event_sleeping:
  end: 1690545253.4898849
  start: 1690545253.4898725
