event_sleeping:
  end: 1690545253.2585893
  start: 1690545253.2585745
