event_sleeping:
  end: 1690545253.3929145
  start: 1690545253.3928998
