event_sleeping:
  end: 1690545253.518035
  start: 1690545253.5180216
