event_sleeping:
  end: 1690545253.0429945
  start: 1690545253.042981
