event_sleeping:
  end: 1690545253.3545244
  start: 1690545253.3545105
