event_sleeping:
  end: 1690491401.6761727
  start: 1690491401.6761386
