event_uptime:
  end: 1690491473.2324705
  start: 1690491401.680295
