event_uptime:
  end: 1690491824.7477558
  start: 1690491401.6830842
