event_sleeping:
  end: 1690491401.7137935
  start: 1690491401.7137482
