event_uptime:
  end: 1690491824.7906404
  start: 1690491401.717797
