event_sleeping:
  end: 1690491401.6788955
  start: 1690491401.6788826
