event_sleeping:
  end: 1690491401.681316
  start: 1690491401.681302
