event_sleeping:
  end: 1690491401.6783688
  start: 1690491401.678355
