event_uptime:
  end: 1690491960.9065943
  start: 1690491401.7017558
