event_uptime:
  end: 1690491960.8514025
  start: 1690491401.6829107
