event_sleeping:
  end: 1690491401.6805394
  start: 1690491401.680033
