event_sleeping:
  end: 1690491401.677359
  start: 1690491401.6773465
