event_uptime:
  end: 1690491720.2554927
  start: 1690491401.6834524
