event_uptime:
  end: 1690491720.2121272
  start: 1690491401.6801162
