event_uptime:
  end: 1690492695.8594375
  start: 1690492622.2997508
