event_sleeping:
  end: 1690492622.2970033
  start: 1690492622.2969835
