event_uptime:
  end: 1690493047.0106633
  start: 1690492622.3245885
