event_sleeping:
  end: 1690492622.6043344
  start: 1690492622.60432
