event_uptime:
  end: 1690493046.9497283
  start: 1690492622.606492
