event_sleeping:
  end: 1690492622.2997103
  start: 1690492622.2996926
