event_uptime:
  end: 1690493046.8598688
  start: 1690492622.653202
