event_uptime:
  end: 1690493047.043456
  start: 1690492622.3753414
