event_uptime:
  end: 1690493046.9420383
  start: 1690492622.5441165
