event_uptime:
  end: 1690493046.8594716
  start: 1690492622.6560462
