event_sleeping:
  end: 1690492622.5456107
  start: 1690492622.545597
