event_sleeping:
  end: 1690492622.658128
  start: 1690492622.6581147
