event_sleeping:
  end: 1690492622.6465771
  start: 1690492622.6465385
