event_sleeping:
  end: 1690492622.3483367
  start: 1690492622.3483076
