event_sleeping:
  end: 1690492622.4402883
  start: 1690492622.4402735
