event_uptime:
  end: 1690493047.0959032
  start: 1690492622.6995878
