event_uptime:
  end: 1690493047.0592883
  start: 1690492622.566706
