event_sleeping:
  end: 1690492622.5232477
  start: 1690492622.523233
