event_uptime:
  end: 1690493046.8549771
  start: 1690492622.444569
