event_uptime:
  end: 1690493046.7838218
  start: 1690492622.6737304
