event_sleeping:
  end: 1690492622.481246
  start: 1690492622.481232
