event_sleeping:
  end: 1690492622.6039972
  start: 1690492622.6039767
