event_uptime:
  end: 1690493047.1192617
  start: 1690492622.4866433
