event_sleeping:
  end: 1690492622.6077337
  start: 1690492622.6077201
