event_sleeping:
  end: 1690492622.5685499
  start: 1690492622.5685365
