event_sleeping:
  end: 1690492622.6559782
  start: 1690492622.6554387
