event_uptime:
  end: 1690493047.1191478
  start: 1690492622.353259
