event_uptime:
  end: 1690493046.9836545
  start: 1690492622.328167
