event_uptime:
  end: 1690493046.807392
  start: 1690492622.6017303
