event_uptime:
  end: 1690493046.9249663
  start: 1690492622.60672
