event_sleeping:
  end: 1690492622.298617
  start: 1690492622.2985952
