event_sleeping:
  end: 1690492622.3720775
  start: 1690492622.3720636
