event_sleeping:
  end: 1690492622.6537733
  start: 1690492622.6537545
