event_sleeping:
  end: 1690492622.6027863
  start: 1690492622.6027715
