event_sleeping:
  end: 1690492622.6569362
  start: 1690492622.6566064
