event_uptime:
  end: 1690493183.154821
  start: 1690492622.6966171
