event_uptime:
  end: 1690493183.004339
  start: 1690492622.6566257
