event_uptime:
  end: 1690493182.9851696
  start: 1690492622.6521902
