event_uptime:
  end: 1690493182.959994
  start: 1690492622.6063166
