event_sleeping:
  end: 1690492622.5638096
  start: 1690492622.5637937
