event_uptime:
  end: 1690493183.0149755
  start: 1690492622.567703
