event_uptime:
  end: 1690493182.9566402
  start: 1690492622.4200187
