event_sleeping:
  end: 1690492622.3492775
  start: 1690492622.3492572
