event_uptime:
  end: 1690493183.143004
  start: 1690492622.6068509
