event_sleeping:
  end: 1690492622.6079292
  start: 1690492622.6079154
