event_uptime:
  end: 1690493182.9629514
  start: 1690492622.5029461
