event_uptime:
  end: 1690493183.1234496
  start: 1690492622.2984204
