event_uptime:
  end: 1690493182.979352
  start: 1690492622.6498373
