event_uptime:
  end: 1690493183.199161
  start: 1690492622.3520923
