event_sleeping:
  end: 1690492622.5449853
  start: 1690492622.5449731
