event_uptime:
  end: 1690493183.1738179
  start: 1690492622.518436
