event_sleeping:
  end: 1690492622.5687823
  start: 1690492622.5687697
