event_sleeping:
  end: 1690492622.607568
  start: 1690492622.6075528
