event_uptime:
  end: 1690493183.037604
  start: 1690492622.2979002
