event_sleeping:
  end: 1690492622.3916092
  start: 1690492622.3915832
