event_sleeping:
  end: 1690492622.2945902
  start: 1690492622.2945757
