event_sleeping:
  end: 1690492622.484022
  start: 1690492622.4840086
