event_uptime:
  end: 1690493183.0586421
  start: 1690492622.5669742
