event_uptime:
  end: 1690493183.1232536
  start: 1690492622.4171453
