event_sleeping:
  end: 1690492622.293355
  start: 1690492622.2933397
