event_sleeping:
  end: 1690492622.4170127
  start: 1690492622.4169948
