event_sleeping:
  end: 1690492622.4857643
  start: 1690492622.4857514
