event_sleeping:
  end: 1690492622.3490732
  start: 1690492622.3490489
