event_sleeping:
  end: 1690492622.4846027
  start: 1690492622.4845896
