event_uptime:
  end: 1690492942.5807216
  start: 1690492622.48405
