event_uptime:
  end: 1690492942.4029438
  start: 1690492622.6300466
