event_sleeping:
  end: 1690492622.5405154
  start: 1690492622.540494
