event_sleeping:
  end: 1690492622.6574929
  start: 1690492622.6574798
