event_sleeping:
  end: 1690492622.6543198
  start: 1690492622.654302
