event_uptime:
  end: 1690492942.518352
  start: 1690492622.6043615
