event_uptime:
  end: 1690492942.4466019
  start: 1690492622.487231
