event_sleeping:
  end: 1690492622.545229
  start: 1690492622.545216
