event_uptime:
  end: 1690492942.4661078
  start: 1690492622.5654306
