event_uptime:
  end: 1690492942.3612084
  start: 1690492622.568924
