event_uptime:
  end: 1690492942.5006056
  start: 1690492622.2954476
