event_sleeping:
  end: 1690492622.6081693
  start: 1690492622.608153
