event_sleeping:
  end: 1690492622.2913842
  start: 1690492622.2913678
