event_sleeping:
  end: 1690492622.441095
  start: 1690492622.4410815
