event_uptime:
  end: 1690492942.5545988
  start: 1690492622.6930146
