event_sleeping:
  end: 1690492622.323972
  start: 1690492622.3239577
