event_uptime:
  end: 1690492942.4363468
  start: 1690492622.6544228
