event_sleeping:
  end: 1690492622.292266
  start: 1690492622.2922528
