event_sleeping:
  end: 1690492622.5699465
  start: 1690492622.5699337
