event_sleeping:
  end: 1690492622.6073089
  start: 1690492622.6072938
