event_uptime:
  end: 1690492942.4089625
  start: 1690492622.656733
