event_uptime:
  end: 1690492942.622991
  start: 1690492622.3273218
