event_sleeping:
  end: 1690492622.480984
  start: 1690492622.4809718
