event_sleeping:
  end: 1690492622.5674014
  start: 1690492622.567382
