event_uptime:
  end: 1690492942.452234
  start: 1690492622.4447818
