event_uptime:
  end: 1690492942.6074727
  start: 1690492622.2948709
