event_uptime:
  end: 1690492942.538647
  start: 1690492622.3700104
