event_uptime:
  end: 1690492942.355039
  start: 1690492622.545323
