event_sleeping:
  end: 1690640935.911863
  start: 1690640935.9118483
