event_uptime:
  end: 1690641004.2933488
  start: 1690640935.9155269
