event_uptime:
  end: 1690641340.4553182
  start: 1690640935.9147756
