event_sleeping:
  end: 1690640936.2892647
  start: 1690640936.2892473
