event_uptime:
  end: 1690641340.3851564
  start: 1690640936.2433872
