event_sleeping:
  end: 1690640935.921479
  start: 1690640935.9214528
