event_uptime:
  end: 1690641340.4790075
  start: 1690640936.4016562
