event_uptime:
  end: 1690641340.5466952
  start: 1690640936.17122
