event_uptime:
  end: 1690641340.4069495
  start: 1690640936.1755147
