event_sleeping:
  end: 1690640936.3977075
  start: 1690640936.39769
