event_sleeping:
  end: 1690640936.441201
  start: 1690640936.4411876
