event_uptime:
  end: 1690641340.4577105
  start: 1690640936.32289
