event_uptime:
  end: 1690641340.3853245
  start: 1690640935.9694202
