event_sleeping:
  end: 1690640935.9666731
  start: 1690640935.966652
