event_uptime:
  end: 1690641340.518652
  start: 1690640936.3260944
