event_uptime:
  end: 1690641340.4470143
  start: 1690640936.1949286
