event_uptime:
  end: 1690641340.3909187
  start: 1690640935.9217107
