event_sleeping:
  end: 1690640935.9164314
  start: 1690640935.916399
