event_uptime:
  end: 1690641340.5350082
  start: 1690640936.435711
