event_sleeping:
  end: 1690640936.2889035
  start: 1690640936.2888904
