event_sleeping:
  end: 1690640936.521435
  start: 1690640936.5214224
