event_sleeping:
  end: 1690640936.1765234
  start: 1690640936.1765094
