event_sleeping:
  end: 1690640936.2219203
  start: 1690640936.221907
