event_sleeping:
  end: 1690640936.1025503
  start: 1690640936.1025283
