event_sleeping:
  end: 1690640936.1632414
  start: 1690640936.163212
