event_uptime:
  end: 1690641340.5705898
  start: 1690640935.9445906
