event_sleeping:
  end: 1690640935.9114442
  start: 1690640935.9114218
