event_sleeping:
  end: 1690640936.415787
  start: 1690640936.4157538
