event_sleeping:
  end: 1690640936.172416
  start: 1690640936.172403
