event_uptime:
  end: 1690641340.3845916
  start: 1690640936.5715816
