event_uptime:
  end: 1690641340.3855217
  start: 1690640936.1429303
