event_uptime:
  end: 1690641340.5063689
  start: 1690640936.4819157
