event_sleeping:
  end: 1690640936.1035776
  start: 1690640936.1035573
