event_sleeping:
  end: 1690640935.9146304
  start: 1690640935.9146137
