event_uptime:
  end: 1690641476.4450617
  start: 1690640936.1726851
