event_uptime:
  end: 1690641476.5257611
  start: 1690640935.941968
