event_sleeping:
  end: 1690640935.9218452
  start: 1690640935.9177196
