event_uptime:
  end: 1690641476.59829
  start: 1690640936.2895324
