event_sleeping:
  end: 1690640936.2665136
  start: 1690640936.2664967
