event_uptime:
  end: 1690641476.5016162
  start: 1690640936.3829992
