event_uptime:
  end: 1690641476.4738164
  start: 1690640936.5194037
