event_sleeping:
  end: 1690640935.9658155
  start: 1690640935.9657922
