event_uptime:
  end: 1690641476.4217136
  start: 1690640936.1202388
