event_uptime:
  end: 1690641476.485715
  start: 1690640935.968838
