event_sleeping:
  end: 1690640936.2886555
  start: 1690640936.2886388
