event_uptime:
  end: 1690641476.5826852
  start: 1690640935.9215841
