event_uptime:
  end: 1690641476.4262433
  start: 1690640936.23976
