event_sleeping:
  end: 1690640936.3786018
  start: 1690640936.3785858
