event_sleeping:
  end: 1690640936.4815466
  start: 1690640936.4815326
