event_uptime:
  end: 1690641476.4583943
  start: 1690640936.1769125
