event_sleeping:
  end: 1690640936.1745152
  start: 1690640936.1745026
