event_sleeping:
  end: 1690640936.417388
  start: 1690640936.4173708
