event_sleeping:
  end: 1690640936.441576
  start: 1690640936.4415593
