event_uptime:
  end: 1690641476.586618
  start: 1690640936.4398947
