event_uptime:
  end: 1690641476.6383934
  start: 1690640936.1456149
