event_sleeping:
  end: 1690640936.1707675
  start: 1690640936.1707456
