event_uptime:
  end: 1690641476.5544765
  start: 1690640936.3202336
