event_sleeping:
  end: 1690640936.2229216
  start: 1690640936.2229047
