event_sleeping:
  end: 1690640935.915784
  start: 1690640935.9157698
