event_sleeping:
  end: 1690640936.1392667
  start: 1690640936.1392498
