event_uptime:
  end: 1690641476.5180168
  start: 1690640935.9185958
