event_uptime:
  end: 1690641476.623412
  start: 1690640936.4833617
