event_uptime:
  end: 1690641239.7302933
  start: 1690640935.9210324
