event_sleeping:
  end: 1690640936.1996915
  start: 1690640936.1996775
