event_uptime:
  end: 1690641239.83761
  start: 1690640936.4421124
