event_uptime:
  end: 1690641239.747687
  start: 1690640936.2856038
