event_sleeping:
  end: 1690640936.2674649
  start: 1690640936.267452
