event_sleeping:
  end: 1690640936.3833513
  start: 1690640936.3833368
