event_sleeping:
  end: 1690640936.1455836
  start: 1690640936.1455622
