event_sleeping:
  end: 1690640936.1682253
  start: 1690640936.168211
