event_uptime:
  end: 1690641239.8028345
  start: 1690640936.4024866
