event_uptime:
  end: 1690641239.8092434
  start: 1690640935.966166
