event_sleeping:
  end: 1690640936.3439014
  start: 1690640936.3438854
