event_uptime:
  end: 1690641239.6749728
  start: 1690640936.1020696
