event_uptime:
  end: 1690641239.6411743
  start: 1690640936.4840202
