event_sleeping:
  end: 1690640935.9467776
  start: 1690640935.9467633
