event_uptime:
  end: 1690641239.7742124
  start: 1690640936.1683602
