event_uptime:
  end: 1690641239.7052636
  start: 1690640936.379731
