event_uptime:
  end: 1690641239.6458724
  start: 1690640936.1724508
