event_sleeping:
  end: 1690640936.0973763
  start: 1690640936.0973597
