event_sleeping:
  end: 1690640935.917238
  start: 1690640935.9172254
