event_sleeping:
  end: 1690640935.9185653
  start: 1690640935.918537
