event_uptime:
  end: 1690641239.635718
  start: 1690640935.9221199
