event_uptime:
  end: 1690641239.759233
  start: 1690640936.267151
