event_uptime:
  end: 1690641239.6824384
  start: 1690640936.175675
