event_uptime:
  end: 1690641239.6410303
  start: 1690640935.921227
