event_uptime:
  end: 1690641239.6170714
  start: 1690640936.2204034
