event_sleeping:
  end: 1690640936.438828
  start: 1690640936.4388115
