event_sleeping:
  end: 1690640935.9153576
  start: 1690640935.915338
