event_sleeping:
  end: 1690640936.4584875
  start: 1690640936.4584541
