event_sleeping:
  end: 1690640936.2613432
  start: 1690640936.2613273
