event_uptime:
  end: 1690471720.5943933
  start: 1690471651.2118878
