event_sleeping:
  end: 1690471651.2098212
  start: 1690471651.2098093
