event_uptime:
  end: 1690471710.3344193
  start: 1690471651.214504
