event_sleeping:
  end: 1690471651.212291
  start: 1690471651.2122712
