event_sleeping:
  end: 1690471651.2128465
  start: 1690471651.2128272
