event_uptime:
  end: 1690471727.9569757
  start: 1690471651.216662
