event_sleeping:
  end: 1690471651.208374
  start: 1690471651.2083607
