event_uptime:
  end: 1690471716.544228
  start: 1690471651.2100205
