event_sleeping:
  end: 1690471651.2070956
  start: 1690471651.2070832
