event_uptime:
  end: 1690471738.487574
  start: 1690471651.2095823
