event_uptime:
  end: 1690471710.078654
  start: 1690471651.215758
