event_sleeping:
  end: 1690471651.2126722
  start: 1690471651.21266
