event_uptime:
  end: 1690471717.499822
  start: 1690471651.2460752
