event_sleeping:
  end: 1690471651.2151387
  start: 1690471651.2151265
