event_sleeping:
  end: 1690471651.210737
  start: 1690471651.2107222
