event_uptime:
  end: 1690471719.5188088
  start: 1690471651.2123163
