event_sleeping:
  end: 1690471651.21255
  start: 1690471651.2125375
