event_uptime:
  end: 1690471706.7990444
  start: 1690471651.2436893
