event_uptime:
  end: 1690471732.9028628
  start: 1690471651.21655
