event_sleeping:
  end: 1690471651.2140574
  start: 1690471651.2140453
