event_uptime:
  end: 1690471663.2121387
  start: 1690471651.2088964
