event_sleeping:
  end: 1690471651.2065415
  start: 1690471651.206528
