event_sleeping:
  end: 1690471651.2099843
  start: 1690471651.2099054
