event_uptime:
  end: 1690471683.8247275
  start: 1690471651.2121267
