event_sleeping:
  end: 1690395783.915191
  start: 1690395783.9151785
