event_sleeping:
  end: 1690395783.910665
  start: 1690395783.910652
