event_sleeping:
  end: 1690395783.9139419
  start: 1690395783.9139261
