event_sleeping:
  end: 1690395783.917367
  start: 1690395783.9172103
