event_sleeping:
  end: 1690395783.9145784
  start: 1690395783.9145653
