event_sleeping:
  end: 1690395783.9091737
  start: 1690395783.9091618
