event_sleeping:
  end: 1690395783.9173076
  start: 1690395783.9172893
