event_sleeping:
  end: 1690395783.9166746
  start: 1690395783.9166615
