event_sleeping:
  end: 1690395783.949321
  start: 1690395783.9492853
