event_sleeping:
  end: 1690395783.919388
  start: 1690395783.9193597
