event_sleeping:
  end: 1690395783.9135737
  start: 1690395783.9135602
