event_sleeping:
  end: 1690570758.6093464
  start: 1690570758.609333
