event_uptime:
  end: 1690570827.5827181
  start: 1690570758.6116574
