event_uptime:
  end: 1690570817.3311038
  start: 1690570758.6525815
