event_sleeping:
  end: 1690570758.6075115
  start: 1690570758.607497
