event_uptime:
  end: 1690570834.9043038
  start: 1690570758.6105697
