event_uptime:
  end: 1690570823.423191
  start: 1690570758.6316886
