event_sleeping:
  end: 1690570758.6127048
  start: 1690570758.612692
