event_sleeping:
  end: 1690570758.6109056
  start: 1690570758.6108913
