event_uptime:
  end: 1690570845.4356253
  start: 1690570758.6143818
