event_uptime:
  end: 1690570770.6712286
  start: 1690570758.61319
