event_sleeping:
  end: 1690570758.6096694
  start: 1690570758.6096559
