event_uptime:
  end: 1690570790.6908891
  start: 1690570758.6145282
