event_sleeping:
  end: 1690570758.6107695
  start: 1690570758.6107554
