event_sleeping:
  end: 1690597692.3806427
  start: 1690597692.380628
