event_sleeping:
  end: 1690597692.3813772
  start: 1690597692.3813488
