event_sleeping:
  end: 1690597692.3818889
  start: 1690597692.381874
