event_sleeping:
  end: 1690597692.3843067
  start: 1690597692.3842926
