event_sleeping:
  end: 1690597692.3841057
  start: 1690597692.38409
