event_sleeping:
  end: 1690597692.3811743
  start: 1690597692.3810828
