event_sleeping:
  end: 1690597533.0966125
  start: 1690597533.0965974
