event_sleeping:
  end: 1690597533.0947268
  start: 1690597533.0947149
