event_sleeping:
  end: 1690597533.0970368
  start: 1690597533.0970237
