event_sleeping:
  end: 1690597533.0943055
  start: 1690597533.0942907
