event_sleeping:
  end: 1690597533.094922
  start: 1690597533.0949023
