event_sleeping:
  end: 1690597533.0945988
  start: 1690597533.0945857
