event_uptime:
  end: 1690631823.7196105
  start: 1690631752.1329713
