event_sleeping:
  end: 1690631752.128394
  start: 1690631752.1283824
