event_sleeping:
  end: 1690631752.1345272
  start: 1690631752.1345105
