event_sleeping:
  end: 1690631752.1332803
  start: 1690631752.1332672
