event_uptime:
  end: 1690632175.241415
  start: 1690631752.2069254
