event_uptime:
  end: 1690632175.2190897
  start: 1690631752.155305
