event_sleeping:
  end: 1690631752.12914
  start: 1690631752.1291206
