event_uptime:
  end: 1690632311.3354878
  start: 1690631752.1353786
