event_sleeping:
  end: 1690631752.1334276
  start: 1690631752.1333952
