event_uptime:
  end: 1690632311.304915
  start: 1690631752.1324675
