event_uptime:
  end: 1690632070.7387266
  start: 1690631752.1327705
