event_sleeping:
  end: 1690631752.1329427
  start: 1690631752.1329246
