event_uptime:
  end: 1690632070.6801746
  start: 1690631752.1351807
