event_sleeping:
  end: 1690631752.1298635
  start: 1690631752.129852
