event_sleeping:
  end: 1690639687.4620345
  start: 1690639687.4620223
