event_uptime:
  end: 1690639755.8033435
  start: 1690639687.4655316
