event_sleeping:
  end: 1690639687.659093
  start: 1690639687.65908
