event_uptime:
  end: 1690640091.946315
  start: 1690639687.7741876
