event_sleeping:
  end: 1690639687.5324893
  start: 1690639687.5324743
