event_uptime:
  end: 1690640091.8917036
  start: 1690639687.47733
