event_uptime:
  end: 1690640092.0784712
  start: 1690639687.9450555
