event_sleeping:
  end: 1690639687.4683146
  start: 1690639687.4682953
