event_uptime:
  end: 1690640092.0029037
  start: 1690639687.5024295
