event_uptime:
  end: 1690640092.0473533
  start: 1690639687.5347497
