event_sleeping:
  end: 1690639687.4725316
  start: 1690639687.4725187
