event_uptime:
  end: 1690640091.9092555
  start: 1690639687.5739381
