event_uptime:
  end: 1690640092.0228498
  start: 1690639687.8955834
