event_uptime:
  end: 1690640091.8927634
  start: 1690639687.9445357
