event_uptime:
  end: 1690640091.9824026
  start: 1690639687.864293
