event_sleeping:
  end: 1690639687.8696926
  start: 1690639687.869661
