event_sleeping:
  end: 1690639687.7495723
  start: 1690639687.7495534
