event_sleeping:
  end: 1690639687.6879697
  start: 1690639687.6879215
