event_sleeping:
  end: 1690639687.896529
  start: 1690639687.8965168
