event_uptime:
  end: 1690640091.8914847
  start: 1690639687.7504802
