event_sleeping:
  end: 1690639687.5681112
  start: 1690639687.5680728
