event_uptime:
  end: 1690640092.052647
  start: 1690639688.0045445
