event_uptime:
  end: 1690640092.009335
  start: 1690639687.9176009
