event_uptime:
  end: 1690640091.8883893
  start: 1690639687.4712415
