event_sleeping:
  end: 1690639687.9193904
  start: 1690639687.9193664
