event_sleeping:
  end: 1690639687.4647877
  start: 1690639687.4647744
