event_uptime:
  end: 1690640091.926552
  start: 1690639687.4680476
