event_uptime:
  end: 1690640091.9621122
  start: 1690639687.6641362
