event_sleeping:
  end: 1690639687.9808767
  start: 1690639687.980862
