event_sleeping:
  end: 1690639687.8152373
  start: 1690639687.8152232
