event_sleeping:
  end: 1690639687.940341
  start: 1690639687.9403253
