event_sleeping:
  end: 1690639687.4781613
  start: 1690639687.4781497
