event_uptime:
  end: 1690640228.0339785
  start: 1690639687.8924997
