event_sleeping:
  end: 1690639687.4759812
  start: 1690639687.475964
