event_uptime:
  end: 1690640227.9705293
  start: 1690639687.4733233
