event_uptime:
  end: 1690640228.060609
  start: 1690639687.7130134
