event_sleeping:
  end: 1690639687.8144422
  start: 1690639687.8141873
