event_sleeping:
  end: 1690639687.4713721
  start: 1690639687.4713576
