event_sleeping:
  end: 1690639687.4664402
  start: 1690639687.4664264
