event_sleeping:
  end: 1690639687.8967497
  start: 1690639687.8967426
