event_sleeping:
  end: 1690639687.9369125
  start: 1690639687.9368844
