event_uptime:
  end: 1690640228.159169
  start: 1690639687.982206
