event_sleeping:
  end: 1690639687.8982203
  start: 1690639687.8982065
