event_sleeping:
  end: 1690639687.8692794
  start: 1690639687.8692646
