event_uptime:
  end: 1690640228.1078274
  start: 1690639687.4799209
