event_sleeping:
  end: 1690639687.5069273
  start: 1690639687.5069127
