event_uptime:
  end: 1690640228.070214
  start: 1690639687.5103421
