event_uptime:
  end: 1690640227.969969
  start: 1690639687.5774462
