event_uptime:
  end: 1690640228.090826
  start: 1690639687.8129294
