event_sleeping:
  end: 1690639687.7947056
  start: 1690639687.7946901
