event_uptime:
  end: 1690640228.129438
  start: 1690639687.9179316
