event_uptime:
  end: 1690640227.9853826
  start: 1690639687.8489466
