event_uptime:
  end: 1690640228.0026855
  start: 1690639687.4698496
