event_uptime:
  end: 1690640227.9496884
  start: 1690639687.9374533
