event_sleeping:
  end: 1690639687.574902
  start: 1690639687.5748882
