event_sleeping:
  end: 1690639687.9455945
  start: 1690639687.9455793
