event_uptime:
  end: 1690640228.0375478
  start: 1690639687.6638153
