event_uptime:
  end: 1690640228.1281183
  start: 1690639687.9448965
