event_sleeping:
  end: 1690639687.467736
  start: 1690639687.4669366
