event_sleeping:
  end: 1690639687.6410437
  start: 1690639687.6410303
