event_uptime:
  end: 1690640227.9725027
  start: 1690639687.470389
