event_uptime:
  end: 1690639991.2243009
  start: 1690639687.8953989
