event_uptime:
  end: 1690639991.178813
  start: 1690639687.4719663
