event_sleeping:
  end: 1690639687.8960738
  start: 1690639687.8960564
