event_sleeping:
  end: 1690639687.466593
  start: 1690639687.4651763
