event_sleeping:
  end: 1690639687.7731895
  start: 1690639687.773165
