event_sleeping:
  end: 1690639687.511663
  start: 1690639687.5116494
