event_uptime:
  end: 1690639991.207899
  start: 1690639687.6165953
