event_uptime:
  end: 1690639991.2432108
  start: 1690639688.0081105
