event_sleeping:
  end: 1690639687.4774542
  start: 1690639687.4774406
