event_uptime:
  end: 1690639991.318722
  start: 1690639687.9399426
