event_sleeping:
  end: 1690639687.8699136
  start: 1690639687.8698897
