event_uptime:
  end: 1690639991.2867603
  start: 1690639687.5304742
