event_sleeping:
  end: 1690639687.91694
  start: 1690639687.9169252
