event_uptime:
  end: 1690639991.1594853
  start: 1690639687.9149094
