event_sleeping:
  end: 1690639687.47402
  start: 1690639687.4740057
