event_sleeping:
  end: 1690639687.5779119
  start: 1690639687.5778992
