event_sleeping:
  end: 1690639687.6640694
  start: 1690639687.664057
