event_uptime:
  end: 1690639991.27232
  start: 1690639687.506064
