event_uptime:
  end: 1690639991.3479383
  start: 1690639687.9451997
