event_sleeping:
  end: 1690639687.9815845
  start: 1690639687.9815667
