event_uptime:
  end: 1690639991.1550014
  start: 1690639687.4740703
