event_sleeping:
  end: 1690639687.868964
  start: 1690639687.8689458
