event_uptime:
  end: 1690639991.3176975
  start: 1690639687.8962011
