event_sleeping:
  end: 1690639687.9420812
  start: 1690639687.9420686
