event_uptime:
  end: 1690639991.1866806
  start: 1690639687.6674623
