event_sleeping:
  end: 1690639687.4716227
  start: 1690639687.471607
