event_uptime:
  end: 1690639991.1497664
  start: 1690639687.534271
