event_sleeping:
  end: 1690639687.5093846
  start: 1690639687.5093713
