event_uptime:
  end: 1690639991.1113806
  start: 1690639687.4772232
