event_sleeping:
  end: 1690395446.3486009
  start: 1690395446.348571
