event_sleeping:
  end: 1690395446.3490317
  start: 1690395446.3490193
