event_sleeping:
  end: 1690395446.353652
  start: 1690395446.3536384
