event_sleeping:
  end: 1690395446.3520694
  start: 1690395446.3520527
