event_sleeping:
  end: 1690395446.347723
  start: 1690395446.3464365
