event_sleeping:
  end: 1690395446.3514159
  start: 1690395446.351389
