event_sleeping:
  end: 1690395446.3528726
  start: 1690395446.3528395
