event_sleeping:
  end: 1690395446.350387
  start: 1690395446.3503726
