event_sleeping:
  end: 1690395446.3973267
  start: 1690395446.3973017
