event_sleeping:
  end: 1690395446.3458624
  start: 1690395446.3458486
