event_sleeping:
  end: 1690395446.3552113
  start: 1690395446.3551905
