event_uptime:
  end: 1690340108.4867458
  start: 1690340035.8484936
