event_sleeping:
  end: 1690340035.846052
  start: 1690340035.8460488
