event_uptime:
  end: 1690340459.8063257
  start: 1690340035.881771
