event_sleeping:
  end: 1690340035.8483639
  start: 1690340035.8483598
