event_uptime:
  end: 1690340459.7576418
  start: 1690340035.8640428
