event_sleeping:
  end: 1690340035.9010441
  start: 1690340035.9010406
