event_sleeping:
  end: 1690340035.8816822
  start: 1690340035.8816783
