event_uptime:
  end: 1690340459.8859944
  start: 1690340035.8902247
