event_uptime:
  end: 1690340459.8179777
  start: 1690340035.9119055
