event_uptime:
  end: 1690340459.7965143
  start: 1690340035.851866
