event_sleeping:
  end: 1690340035.8997467
  start: 1690340035.8997421
