event_sleeping:
  end: 1690340035.888316
  start: 1690340035.8883078
