event_uptime:
  end: 1690340459.7981825
  start: 1690340035.905456
