event_sleeping:
  end: 1690340035.9064133
  start: 1690340035.906409
