event_uptime:
  end: 1690340459.8403285
  start: 1690340035.898106
