event_uptime:
  end: 1690340459.8170512
  start: 1690340035.8504193
