event_sleeping:
  end: 1690340035.8935363
  start: 1690340035.8935316
