event_uptime:
  end: 1690340459.6690562
  start: 1690340035.9019196
