event_sleeping:
  end: 1690340035.8791463
  start: 1690340035.879141
