event_sleeping:
  end: 1690340035.850103
  start: 1690340035.850099
