event_uptime:
  end: 1690340459.7450597
  start: 1690340035.8878384
