event_sleeping:
  end: 1690340035.8590913
  start: 1690340035.8590665
