event_uptime:
  end: 1690340595.825021
  start: 1690340035.8595932
