event_sleeping:
  end: 1690340035.8496144
  start: 1690340035.8496103
