event_uptime:
  end: 1690340595.8979712
  start: 1690340035.8986855
