event_sleeping:
  end: 1690340035.889164
  start: 1690340035.88916
