event_uptime:
  end: 1690340595.8014402
  start: 1690340035.9056616
