event_uptime:
  end: 1690340595.9455924
  start: 1690340035.90949
