event_sleeping:
  end: 1690340035.8467486
  start: 1690340035.8467448
