event_sleeping:
  end: 1690340035.851747
  start: 1690340035.8517432
