event_uptime:
  end: 1690340595.9137845
  start: 1690340035.8919117
