event_uptime:
  end: 1690340595.893949
  start: 1690340035.8515258
