event_sleeping:
  end: 1690340035.8927433
  start: 1690340035.8927393
