event_uptime:
  end: 1690340595.8820915
  start: 1690340035.848977
