event_sleeping:
  end: 1690340035.9048855
  start: 1690340035.9048777
