event_uptime:
  end: 1690340595.8376987
  start: 1690340035.8873646
