event_sleeping:
  end: 1690340035.8839622
  start: 1690340035.883958
