event_uptime:
  end: 1690340595.9062998
  start: 1690340035.872323
