event_sleeping:
  end: 1690340035.8998528
  start: 1690340035.8998487
