event_uptime:
  end: 1690340595.7732244
  start: 1690340035.9025126
