event_sleeping:
  end: 1690340035.9005756
  start: 1690340035.9005718
