event_sleeping:
  end: 1690340035.868093
  start: 1690340035.8680868
