event_sleeping:
  end: 1690340035.8642955
  start: 1690340035.8642893
