event_uptime:
  end: 1690340355.2255504
  start: 1690340035.902937
