event_sleeping:
  end: 1690340035.8999813
  start: 1690340035.8999748
