event_sleeping:
  end: 1690340035.880742
  start: 1690340035.8807375
