event_uptime:
  end: 1690340355.2656589
  start: 1690340035.8485973
