event_uptime:
  end: 1690340355.1731267
  start: 1690340035.8849633
