event_sleeping:
  end: 1690340035.902046
  start: 1690340035.9020417
