event_uptime:
  end: 1690340355.1942499
  start: 1690340035.8585253
