event_uptime:
  end: 1690340355.176876
  start: 1690340035.9004388
