event_uptime:
  end: 1690340355.1703665
  start: 1690340035.8515985
