event_sleeping:
  end: 1690340035.8945324
  start: 1690340035.8945286
