event_uptime:
  end: 1690340355.2662745
  start: 1690340035.8682497
