event_sleeping:
  end: 1690340035.8490624
  start: 1690340035.8490584
