event_uptime:
  end: 1690340355.2307959
  start: 1690340035.8940547
