event_sleeping:
  end: 1690340035.8880754
  start: 1690340035.88807
