event_sleeping:
  end: 1690340035.8465598
  start: 1690340035.846556
