event_uptime:
  end: 1690340355.297636
  start: 1690340035.8896117
