event_sleeping:
  end: 1690340035.851385
  start: 1690340035.8513813
