event_sleeping:
  end: 1690340035.892482
  start: 1690340035.8924758
