event_uptime:
  end: 1690340355.3347466
  start: 1690340035.9049456
