event_sleeping:
  end: 1690469220.025027
  start: 1690469220.025013
