event_uptime:
  end: 1690469288.9233894
  start: 1690469220.027834
