event_sleeping:
  end: 1690469220.030317
  start: 1690469220.0302994
