event_uptime:
  end: 1690469278.6270597
  start: 1690469220.0606391
