event_uptime:
  end: 1690469296.2281065
  start: 1690469220.0304055
