event_sleeping:
  end: 1690469220.0274844
  start: 1690469220.0274682
