event_uptime:
  end: 1690469284.7638116
  start: 1690469220.030617
