event_sleeping:
  end: 1690469220.025471
  start: 1690469220.0254574
