event_uptime:
  end: 1690469306.7152061
  start: 1690469220.0294666
