event_sleeping:
  end: 1690469220.0251768
  start: 1690469220.0251622
