event_uptime:
  end: 1690469232.0582662
  start: 1690469220.0296967
