event_sleeping:
  end: 1690469220.0267994
  start: 1690469220.0259097
