event_uptime:
  end: 1690469252.006864
  start: 1690469220.0309665
