event_sleeping:
  end: 1690469220.028402
  start: 1690469220.0278127
