event_sleeping:
  end: 1690581983.9441473
  start: 1690581983.9433255
