event_uptime:
  end: 1690582095.4127629
  start: 1690581983.9460006
