event_sleeping:
  end: 1690581983.945048
  start: 1690581983.9442704
