event_uptime:
  end: 1690582089.2401016
  start: 1690581983.9501626
