event_uptime:
  end: 1690582099.2789857
  start: 1690581983.9493217
