event_sleeping:
  end: 1690581983.946356
  start: 1690581983.9463394
