event_sleeping:
  end: 1690581983.9473534
  start: 1690581983.9473403
