event_uptime:
  end: 1690582092.2689323
  start: 1690581983.9878182
