event_uptime:
  end: 1690582138.8122563
  start: 1690581983.951023
