event_sleeping:
  end: 1690581983.9483674
  start: 1690581983.9483511
