event_uptime:
  end: 1690582086.9666564
  start: 1690581983.9859848
