event_sleeping:
  end: 1690581983.9513674
  start: 1690581983.9513521
