event_sleeping:
  end: 1690581983.9873455
  start: 1690581983.9873297
