event_uptime:
  end: 1690582092.268696
  start: 1690581984.004604
