event_sleeping:
  end: 1690581984.0040512
  start: 1690581984.0040367
