event_uptime:
  end: 1690582096.2269747
  start: 1690581984.0413833
