event_sleeping:
  end: 1690581984.0060413
  start: 1690581984.006021
