event_uptime:
  end: 1690582086.5561292
  start: 1690581984.0437884
