event_uptime:
  end: 1690582111.2722514
  start: 1690581984.0593998
