event_sleeping:
  end: 1690581984.0401578
  start: 1690581984.0401099
