event_sleeping:
  end: 1690581983.9452717
  start: 1690581983.9452584
