event_uptime:
  end: 1690582023.975279
  start: 1690581983.9473784
