event_sleeping:
  end: 1690581983.9420583
  start: 1690581983.9420457
