event_uptime:
  end: 1690582050.92029
  start: 1690581983.9457304
