event_sleeping:
  end: 1690543032.1607327
  start: 1690543032.1607192
