event_sleeping:
  end: 1690543031.958243
  start: 1690543031.9582293
