event_sleeping:
  end: 1690543032.1480079
  start: 1690543032.1479933
