event_sleeping:
  end: 1690543032.6960566
  start: 1690543032.6960394
