event_sleeping:
  end: 1690543032.5138838
  start: 1690543032.5138693
