event_sleeping:
  end: 1690543032.6046934
  start: 1690543032.6046793
