event_sleeping:
  end: 1690543032.0263495
  start: 1690543032.026338
