event_sleeping:
  end: 1690543032.2516582
  start: 1690543032.2516441
