event_sleeping:
  end: 1690543031.6865928
  start: 1690543031.686581
