event_sleeping:
  end: 1690543032.348559
  start: 1690543032.3485403
