event_sleeping:
  end: 1690543031.7547624
  start: 1690543031.754745
