event_sleeping:
  end: 1690543032.6429548
  start: 1690543032.6429389
