event_sleeping:
  end: 1690543031.682684
  start: 1690543031.6826694
