event_sleeping:
  end: 1690543031.6886415
  start: 1690543031.6886246
