event_sleeping:
  end: 1690543032.1588197
  start: 1690543032.1583645
