event_sleeping:
  end: 1690543032.4244566
  start: 1690543032.4244409
