event_sleeping:
  end: 1690543031.6771235
  start: 1690543031.6771097
