event_sleeping:
  end: 1690543032.6081254
  start: 1690543032.6081083
