event_sleeping:
  end: 1690543032.5321686
  start: 1690543032.5321436
