event_sleeping:
  end: 1690543032.0268705
  start: 1690543032.0268564
