event_sleeping:
  end: 1690543032.4499872
  start: 1690543032.449974
