event_sleeping:
  end: 1690543032.1530583
  start: 1690543032.1530447
