event_sleeping:
  end: 1690543031.6893713
  start: 1690543031.6893559
