event_sleeping:
  end: 1690543032.0261116
  start: 1690543032.0260963
