event_sleeping:
  end: 1690543031.8419058
  start: 1690543031.8418922
