event_sleeping:
  end: 1690543032.3451843
  start: 1690543032.345171
