event_sleeping:
  end: 1690543031.813183
  start: 1690543031.8131702
