event_sleeping:
  end: 1690543032.3961356
  start: 1690543032.3961232
