event_sleeping:
  end: 1690543031.6797543
  start: 1690543031.6797402
