event_sleeping:
  end: 1690543032.2523532
  start: 1690543032.2523386
