event_sleeping:
  end: 1690543032.1274908
  start: 1690543032.1274772
