event_sleeping:
  end: 1690543032.64868
  start: 1690543032.6486685
