event_sleeping:
  end: 1690543032.6063108
  start: 1690543032.6062973
