event_sleeping:
  end: 1690543031.737203
  start: 1690543031.7371857
