event_sleeping:
  end: 1690543031.8147876
  start: 1690543031.8147724
