event_sleeping:
  end: 1690543032.0781038
  start: 1690543032.0312984
