event_sleeping:
  end: 1690543031.6850593
  start: 1690543031.6850462
