event_sleeping:
  end: 1690543032.1624086
  start: 1690543032.162394
