event_sleeping:
  end: 1690543032.4227831
  start: 1690543032.4227705
