event_sleeping:
  end: 1690543031.9521062
  start: 1690543031.9520917
