event_sleeping:
  end: 1690543031.6800904
  start: 1690543031.6800761
