event_sleeping:
  end: 1690543032.6728675
  start: 1690543032.6728544
