event_sleeping:
  end: 1690543032.5119143
  start: 1690543032.5118985
