event_sleeping:
  end: 1690543032.1598358
  start: 1690543032.1598208
