event_sleeping:
  end: 1690543031.9814537
  start: 1690543031.9814405
