event_sleeping:
  end: 1690543032.4200141
  start: 1690543032.4199998
