event_sleeping:
  end: 1690543032.3413174
  start: 1690543032.341304
