event_sleeping:
  end: 1690543032.6988192
  start: 1690543032.6988044
