event_sleeping:
  end: 1690543031.7608395
  start: 1690543031.7608254
