event_sleeping:
  end: 1690543032.2291033
  start: 1690543032.2290905
