event_sleeping:
  end: 1690543031.7134552
  start: 1690543031.7134387
