event_sleeping:
  end: 1690543032.6672013
  start: 1690543032.6671765
