event_sleeping:
  end: 1690543032.4481635
  start: 1690543032.44815
