event_sleeping:
  end: 1690543031.68421
  start: 1690543031.6841974
