event_sleeping:
  end: 1690543031.8202505
  start: 1690543031.820236
