event_sleeping:
  end: 1690543032.6075945
  start: 1690543032.6075804
