event_sleeping:
  end: 1690543032.1525888
  start: 1690543032.1525757
