event_sleeping:
  end: 1690543032.5146112
  start: 1690543032.5145977
