event_sleeping:
  end: 1690543032.4497235
  start: 1690543032.44971
