event_sleeping:
  end: 1690543032.5792806
  start: 1690543032.5792358
