event_sleeping:
  end: 1690543032.346627
  start: 1690543032.3466125
