event_sleeping:
  end: 1690543032.6996992
  start: 1690543032.699685
