event_sleeping:
  end: 1690543032.3883028
  start: 1690543032.3882642
