event_sleeping:
  end: 1690543032.1547039
  start: 1690543032.1546834
