event_sleeping:
  end: 1690543032.025393
  start: 1690543032.025378
