event_sleeping:
  end: 1690543032.078293
  start: 1690543032.0782783
