event_sleeping:
  end: 1690543032.224355
  start: 1690543032.2243402
