event_sleeping:
  end: 1690543032.6698377
  start: 1690543032.6698246
