event_sleeping:
  end: 1690543031.8183825
  start: 1690543031.8183675
