event_sleeping:
  end: 1690543031.681224
  start: 1690543031.68121
