event_sleeping:
  end: 1690543031.6885235
  start: 1690543031.6885111
