event_sleeping:
  end: 1690543032.5141964
  start: 1690543032.514182
