event_sleeping:
  end: 1690543031.7558007
  start: 1690543031.7557743
