event_uptime:
  end: 1690564359.497302
  start: 1690564292.3964043
