event_sleeping:
  end: 1690564292.3927844
  start: 1690564292.39277
