event_uptime:
  end: 1690564695.916181
  start: 1690564292.4097476
