event_sleeping:
  end: 1690564292.3930569
  start: 1690564292.3930473
