event_sleeping:
  end: 1690564292.3923903
  start: 1690564292.392371
