event_uptime:
  end: 1690564831.9494162
  start: 1690564292.3959522
