event_uptime:
  end: 1690564595.107671
  start: 1690564292.3962514
