event_sleeping:
  end: 1690564292.3928764
  start: 1690564292.3928654
