event_uptime:
  end: 1690312792.1268313
  start: 1690312725.5725029
