event_sleeping:
  end: 1690312725.5673733
  start: 1690312725.5673668
