event_uptime:
  end: 1690313128.4770157
  start: 1690312725.5887578
