event_sleeping:
  end: 1690312725.5722897
  start: 1690312725.5722864
