event_sleeping:
  end: 1690312725.5698173
  start: 1690312725.5697742
