event_uptime:
  end: 1690313128.5143042
  start: 1690312725.5745378
