event_sleeping:
  end: 1690312725.5701609
  start: 1690312725.570152
