event_uptime:
  end: 1690313264.6163259
  start: 1690312725.5895395
