event_uptime:
  end: 1690313264.6160607
  start: 1690312725.5752113
