event_sleeping:
  end: 1690312725.5723538
  start: 1690312725.5723517
