event_uptime:
  end: 1690313027.7421556
  start: 1690312725.5753496
