event_sleeping:
  end: 1690312725.5713801
  start: 1690312725.5713763
