event_uptime:
  end: 1690313027.754367
  start: 1690312725.5851471
