event_sleeping:
  end: 1690312725.5719075
  start: 1690312725.5719042
