event_sleeping:
  end: 1690425971.5373082
  start: 1690425971.5372722
