event_sleeping:
  end: 1690425971.51677
  start: 1690425971.5167575
