event_sleeping:
  end: 1690425971.509289
  start: 1690425971.5092719
