event_sleeping:
  end: 1690425971.516179
  start: 1690425971.5161664
