event_sleeping:
  end: 1690425971.5102875
  start: 1690425971.5102296
