event_sleeping:
  end: 1690425971.5545473
  start: 1690425971.5545216
