event_sleeping:
  end: 1690425971.5150745
  start: 1690425971.5150578
