event_sleeping:
  end: 1690425971.632593
  start: 1690425971.6325767
