event_sleeping:
  end: 1690425971.5125606
  start: 1690425971.5125387
