event_sleeping:
  end: 1690425971.5583382
  start: 1690425971.5583243
