event_sleeping:
  end: 1690425971.5136566
  start: 1690425971.5136428
