event_sleeping:
  end: 1690640295.30857
  start: 1690640295.308557
