event_uptime:
  end: 1690640368.692974
  start: 1690640295.310807
