event_sleeping:
  end: 1690640295.5319605
  start: 1690640295.5319355
