event_uptime:
  end: 1690640720.0626347
  start: 1690640295.6450176
