event_uptime:
  end: 1690640720.1002264
  start: 1690640295.3781295
