event_sleeping:
  end: 1690640295.6997411
  start: 1690640295.6997263
