event_uptime:
  end: 1690640719.8756447
  start: 1690640295.7670312
