event_uptime:
  end: 1690640719.9077113
  start: 1690640295.6724632
