event_uptime:
  end: 1690640720.0404067
  start: 1690640295.9164686
