event_sleeping:
  end: 1690640295.4738066
  start: 1690640295.473794
