event_sleeping:
  end: 1690640295.865724
  start: 1690640295.8657103
