event_sleeping:
  end: 1690640295.7243037
  start: 1690640295.7242765
