event_sleeping:
  end: 1690640295.6415262
  start: 1690640295.6415124
