event_sleeping:
  end: 1690640295.6487901
  start: 1690640295.648775
