event_uptime:
  end: 1690640719.9750013
  start: 1690640295.5351298
