event_sleeping:
  end: 1690640295.6461895
  start: 1690640295.6461768
