event_uptime:
  end: 1690640719.9053993
  start: 1690640295.4734638
