event_sleeping:
  end: 1690640295.9594126
  start: 1690640295.9593966
