event_uptime:
  end: 1690640719.801342
  start: 1690640295.3739479
