event_uptime:
  end: 1690640719.9234416
  start: 1690640295.5307622
