event_sleeping:
  end: 1690640295.3541856
  start: 1690640295.3541677
