event_sleeping:
  end: 1690640295.7707675
  start: 1690640295.770747
