event_sleeping:
  end: 1690640295.9136252
  start: 1690640295.9136114
