event_sleeping:
  end: 1690640295.8218575
  start: 1690640295.8218389
