event_uptime:
  end: 1690640719.9590845
  start: 1690640295.773554
