event_sleeping:
  end: 1690640295.4533162
  start: 1690640295.4533017
