event_sleeping:
  end: 1690640295.3134923
  start: 1690640295.3111572
