event_uptime:
  end: 1690640719.9912283
  start: 1690640295.9144351
