event_uptime:
  end: 1690640720.0082996
  start: 1690640295.9785984
