event_uptime:
  end: 1690640719.8462033
  start: 1690640295.846013
