event_uptime:
  end: 1690640719.9231634
  start: 1690640295.7279055
