event_uptime:
  end: 1690640719.907448
  start: 1690640295.6722348
