event_sleeping:
  end: 1690640295.3107255
  start: 1690640295.3107116
