event_sleeping:
  end: 1690640295.6193101
  start: 1690640295.6192977
