event_sleeping:
  end: 1690640295.8457334
  start: 1690640295.845715
