event_uptime:
  end: 1690640856.0523188
  start: 1690640295.525543
