event_uptime:
  end: 1690640855.8781521
  start: 1690640295.356498
