event_uptime:
  end: 1690640856.0956557
  start: 1690640296.0198128
