event_sleeping:
  end: 1690640295.6095157
  start: 1690640295.6094863
