event_sleeping:
  end: 1690640295.7703402
  start: 1690640295.770323
