event_uptime:
  end: 1690640855.9447773
  start: 1690640295.774337
