event_uptime:
  end: 1690640855.9954042
  start: 1690640295.6770186
