event_uptime:
  end: 1690640855.9713402
  start: 1690640295.6168883
