event_sleeping:
  end: 1690640295.699087
  start: 1690640295.699073
