event_sleeping:
  end: 1690640295.309715
  start: 1690640295.3097022
