event_uptime:
  end: 1690640856.1102343
  start: 1690640295.356885
