event_uptime:
  end: 1690640855.9978843
  start: 1690640295.8627253
