event_uptime:
  end: 1690640856.0223157
  start: 1690640295.6497173
