event_sleeping:
  end: 1690640295.6729467
  start: 1690640295.6729293
