event_uptime:
  end: 1690640855.9736276
  start: 1690640295.5089173
