event_sleeping:
  end: 1690640295.9153085
  start: 1690640295.9152906
