event_sleeping:
  end: 1690640295.9404664
  start: 1690640295.9404514
