event_uptime:
  end: 1690640856.0748563
  start: 1690640295.919323
