event_uptime:
  end: 1690640855.87893
  start: 1690640295.7018425
