event_uptime:
  end: 1690640856.143706
  start: 1690640295.6432753
