event_sleeping:
  end: 1690640295.4148304
  start: 1690640295.4148135
