event_uptime:
  end: 1690640855.9413123
  start: 1690640295.4529815
