event_sleeping:
  end: 1690640295.6470618
  start: 1690640295.6470487
