event_sleeping:
  end: 1690640295.7710192
  start: 1690640295.7710063
