event_sleeping:
  end: 1690640295.5048227
  start: 1690640295.5047815
