event_uptime:
  end: 1690640856.0380936
  start: 1690640295.7733223
