event_sleeping:
  end: 1690640295.4674113
  start: 1690640295.4673789
