event_uptime:
  end: 1690640615.3386457
  start: 1690640295.69733
