event_uptime:
  end: 1690640615.5149493
  start: 1690640295.9409962
