event_sleeping:
  end: 1690640295.6746376
  start: 1690640295.6746235
