event_sleeping:
  end: 1690640295.4519808
  start: 1690640295.451958
