event_uptime:
  end: 1690640615.3859742
  start: 1690640295.6706548
