event_uptime:
  end: 1690640615.5542424
  start: 1690640295.3137527
