event_sleeping:
  end: 1690640295.3090315
  start: 1690640295.3090162
