event_uptime:
  end: 1690640615.2959125
  start: 1690640295.3135223
