event_sleeping:
  end: 1690640295.4726813
  start: 1690640295.4726682
