event_sleeping:
  end: 1690640295.409192
  start: 1690640295.4091682
