event_sleeping:
  end: 1690640295.6168072
  start: 1690640295.616792
