event_sleeping:
  end: 1690640295.6175575
  start: 1690640295.617544
