event_uptime:
  end: 1690640615.4657605
  start: 1690640295.4761045
