event_sleeping:
  end: 1690640295.9168065
  start: 1690640295.916793
