event_sleeping:
  end: 1690640295.6752853
  start: 1690640295.6749825
