event_sleeping:
  end: 1690640295.7698872
  start: 1690640295.7698705
