event_sleeping:
  end: 1690640295.8417344
  start: 1690640295.8417182
