event_sleeping:
  end: 1690640295.9161606
  start: 1690640295.916114
