event_uptime:
  end: 1690640615.3614435
  start: 1690640295.470352
