event_sleeping:
  end: 1690640295.6446187
  start: 1690640295.6432576
