event_uptime:
  end: 1690640615.463028
  start: 1690640295.693512
