event_uptime:
  end: 1690640615.442801
  start: 1690640295.8465407
