event_uptime:
  end: 1690640615.386828
  start: 1690640295.637675
