event_sleeping:
  end: 1690640295.7636077
  start: 1690640295.7635863
