event_uptime:
  end: 1690640615.5864935
  start: 1690640295.6430001
