event_uptime:
  end: 1690640615.4034688
  start: 1690640295.4134922
