event_sleeping:
  end: 1690640295.307903
  start: 1690640295.3078895
