event_uptime:
  end: 1690640615.4879606
  start: 1690640295.7739768
