event_uptime:
  end: 1690640615.4353566
  start: 1690640295.7699192
