event_uptime:
  end: 1690640615.5313776
  start: 1690640295.9376912
