event_uptime:
  end: 1690603227.7049625
  start: 1690603115.6611824
