event_sleeping:
  end: 1690603115.6573584
  start: 1690603115.6573355
