event_uptime:
  end: 1690603221.5835197
  start: 1690603115.664617
