event_uptime:
  end: 1690603226.071355
  start: 1690603115.829821
