event_uptime:
  end: 1690603244.6559432
  start: 1690603115.7718673
