event_sleeping:
  end: 1690603115.8078477
  start: 1690603115.8078303
