event_sleeping:
  end: 1690603115.661877
  start: 1690603115.66184
