event_uptime:
  end: 1690603223.7598135
  start: 1690603115.8263123
