event_sleeping:
  end: 1690603115.7282796
  start: 1690603115.728266
