event_sleeping:
  end: 1690603115.805753
  start: 1690603115.8057246
