event_sleeping:
  end: 1690603115.8052955
  start: 1690603115.8052695
