event_uptime:
  end: 1690603233.707962
  start: 1690603115.8299634
