event_sleeping:
  end: 1690603115.7075279
  start: 1690603115.7075157
