event_uptime:
  end: 1690603251.716213
  start: 1690603115.7276058
