event_sleeping:
  end: 1690603115.6594172
  start: 1690603115.6594002
