event_uptime:
  end: 1690603231.4836202
  start: 1690603115.6665313
