event_uptime:
  end: 1690603224.6747613
  start: 1690603115.6656873
