event_sleeping:
  end: 1690603115.662404
  start: 1690603115.662391
