event_uptime:
  end: 1690603271.0204837
  start: 1690603115.7023842
