event_sleeping:
  end: 1690603115.6664715
  start: 1690603115.6664588
