event_uptime:
  end: 1690603219.2718267
  start: 1690603115.7014651
