event_sleeping:
  end: 1690603115.6647334
  start: 1690603115.66435
