event_sleeping:
  end: 1690603115.7033296
  start: 1690603115.7033134
