event_uptime:
  end: 1690603224.5513875
  start: 1690603115.7060869
