event_uptime:
  end: 1690603228.3353906
  start: 1690603115.7211611
