event_sleeping:
  end: 1690603115.7055664
  start: 1690603115.7055533
