event_sleeping:
  end: 1690603115.7037597
  start: 1690603115.7037444
