event_uptime:
  end: 1690603218.9728377
  start: 1690603115.706937
