event_sleeping:
  end: 1690603115.7046409
  start: 1690603115.704627
