event_uptime:
  end: 1690603243.491765
  start: 1690603115.7071452
