event_sleeping:
  end: 1690603115.6569824
  start: 1690603115.6569645
