event_uptime:
  end: 1690603155.743371
  start: 1690603115.661901
