event_uptime:
  end: 1690603183.4007945
  start: 1690603115.666234
