event_sleeping:
  end: 1690603115.6591856
  start: 1690603115.6591723
