event_sleeping:
  end: 1690468912.260175
  start: 1690468912.2593017
