event_uptime:
  end: 1690468982.168441
  start: 1690468912.2645707
