event_uptime:
  end: 1690469007.7703874
  start: 1690468912.2917566
