event_uptime:
  end: 1690468981.6760817
  start: 1690468912.3532643
