event_uptime:
  end: 1690468971.879501
  start: 1690468912.2621217
