event_uptime:
  end: 1690468977.4074128
  start: 1690468912.3523257
