event_sleeping:
  end: 1690468912.2913182
  start: 1690468912.2912939
