event_sleeping:
  end: 1690468912.348796
  start: 1690468912.3487654
