event_uptime:
  end: 1690468997.3754702
  start: 1690468912.3060222
