event_uptime:
  end: 1690468985.6927822
  start: 1690468912.3895688
