event_sleeping:
  end: 1690468912.3318086
  start: 1690468912.331775
