event_sleeping:
  end: 1690468912.3330548
  start: 1690468912.3330402
