event_sleeping:
  end: 1690468912.258966
  start: 1690468912.2589505
