event_sleeping:
  end: 1690468912.2684038
  start: 1690468912.2683911
