event_sleeping:
  end: 1690468912.2660158
  start: 1690468912.266002
