event_uptime:
  end: 1690468989.6002376
  start: 1690468912.268509
