event_uptime:
  end: 1690468978.0322106
  start: 1690468912.2620132
