event_sleeping:
  end: 1690468912.258344
  start: 1690468912.2583272
