event_sleeping:
  end: 1690468912.261184
  start: 1690468912.261169
