event_uptime:
  end: 1690468999.9398172
  start: 1690468912.2644467
