event_uptime:
  end: 1690468971.5836112
  start: 1690468912.266079
