event_sleeping:
  end: 1690468912.262792
  start: 1690468912.2627773
