event_uptime:
  end: 1690468979.0518239
  start: 1690468912.2670276
