event_sleeping:
  end: 1690468912.2642477
  start: 1690468912.2642312
