event_uptime:
  end: 1690468981.1120198
  start: 1690468912.2919044
