event_sleeping:
  end: 1690468912.2853112
  start: 1690468912.2852654
