event_uptime:
  end: 1690468968.3154037
  start: 1690468912.290197
