event_sleeping:
  end: 1690468912.2677934
  start: 1690468912.267781
