event_uptime:
  end: 1690468994.4919982
  start: 1690468912.2863011
