event_sleeping:
  end: 1690468912.2669568
  start: 1690468912.266943
