event_uptime:
  end: 1690468924.295063
  start: 1690468912.2603233
