event_sleeping:
  end: 1690468912.2561488
  start: 1690468912.2561345
