event_sleeping:
  end: 1690468912.266394
  start: 1690468912.2663805
