event_uptime:
  end: 1690468945.5470488
  start: 1690468912.268633
