event_sleeping:
  end: 1690306135.4483013
  start: 1690306135.4482992
