event_sleeping:
  end: 1690306135.4482021
  start: 1690306135.4481983
