event_sleeping:
  end: 1690306135.4480226
  start: 1690306135.44802
