event_sleeping:
  end: 1690306135.448434
  start: 1690306135.4484324
