event_sleeping:
  end: 1690306135.4507003
  start: 1690306135.4506965
