event_sleeping:
  end: 1690306135.4490905
  start: 1690306135.4490867
