event_uptime:
  end: 1690580735.4350882
  start: 1690580666.4185762
