event_sleeping:
  end: 1690580666.416089
  start: 1690580666.416082
