event_sleeping:
  end: 1690580666.4174256
  start: 1690580666.417414
