event_uptime:
  end: 1690580725.2471766
  start: 1690580666.4412916
