event_sleeping:
  end: 1690580666.4158401
  start: 1690580666.4158332
