event_uptime:
  end: 1690580742.7547972
  start: 1690580666.4417934
