event_sleeping:
  end: 1690580666.4203384
  start: 1690580666.4203227
