event_uptime:
  end: 1690580731.2880745
  start: 1690580666.4641807
