event_uptime:
  end: 1690580753.243291
  start: 1690580666.4196157
