event_sleeping:
  end: 1690580666.415468
  start: 1690580666.4154608
