event_sleeping:
  end: 1690580666.416259
  start: 1690580666.4162524
