event_uptime:
  end: 1690580698.5109913
  start: 1690580666.4391932
