event_sleeping:
  end: 1690580666.4156742
  start: 1690580666.415667
