event_sleeping:
  end: 1690468515.0534527
  start: 1690468515.0534368
