event_uptime:
  end: 1690468626.518194
  start: 1690468515.0576956
