event_sleeping:
  end: 1690468515.0564857
  start: 1690468515.056473
