event_uptime:
  end: 1690468620.3230157
  start: 1690468515.0594542
