event_uptime:
  end: 1690468630.2599378
  start: 1690468515.0575771
