event_sleeping:
  end: 1690468515.0540845
  start: 1690468515.0540712
