event_uptime:
  end: 1690468623.3907516
  start: 1690468515.0629098
