event_sleeping:
  end: 1690468515.0598645
  start: 1690468515.0598452
