event_uptime:
  end: 1690468669.8595364
  start: 1690468515.0598896
