event_sleeping:
  end: 1690468515.0575306
  start: 1690468515.0575132
