event_uptime:
  end: 1690468617.924135
  start: 1690468515.0617986
