event_sleeping:
  end: 1690468515.0597322
  start: 1690468515.0597203
