event_uptime:
  end: 1690468623.4317284
  start: 1690468515.0577931
