event_sleeping:
  end: 1690468515.0551097
  start: 1690468515.0550964
