event_sleeping:
  end: 1690468515.060145
  start: 1690468515.0601227
