event_uptime:
  end: 1690468627.210735
  start: 1690468515.0797372
