event_sleeping:
  end: 1690468515.0573359
  start: 1690468515.0573213
