event_uptime:
  end: 1690468617.5926633
  start: 1690468515.059345
