event_uptime:
  end: 1690468642.363879
  start: 1690468515.0826733
