event_sleeping:
  end: 1690468515.061311
  start: 1690468515.060407
