event_sleeping:
  end: 1690468515.0513327
  start: 1690468515.0513074
