event_uptime:
  end: 1690468555.0760982
  start: 1690468515.055938
