event_sleeping:
  end: 1690468515.0508115
  start: 1690468515.0508041
