event_uptime:
  end: 1690468582.0356176
  start: 1690468515.0543108
