event_sleeping:
  end: 1690317143.3160233
  start: 1690317143.3160212
