event_sleeping:
  end: 1690317143.314685
  start: 1690317143.3146832
