event_sleeping:
  end: 1690317143.3144453
  start: 1690317143.3144433
