event_sleeping:
  end: 1690317143.31417
  start: 1690317143.3141637
