event_sleeping:
  end: 1690317143.314941
  start: 1690317143.3149388
