event_sleeping:
  end: 1690317143.3163004
  start: 1690317143.3162985
