event_sleeping:
  end: 1690317143.316851
  start: 1690317143.3168488
