event_sleeping:
  end: 1690317143.3154516
  start: 1690317143.31545
