event_sleeping:
  end: 1690317143.3151848
  start: 1690317143.3151832
