event_sleeping:
  end: 1690317143.3165805
  start: 1690317143.3165784
