event_sleeping:
  end: 1690540663.9342365
  start: 1690540663.934224
