event_sleeping:
  end: 1690540663.2156281
  start: 1690540663.2156096
