event_sleeping:
  end: 1690540663.5000234
  start: 1690540663.500009
