event_sleeping:
  end: 1690540663.3327744
  start: 1690540663.3327599
