event_sleeping:
  end: 1690540664.00127
  start: 1690540664.0012562
