event_sleeping:
  end: 1690540663.735788
  start: 1690540663.735743
