event_sleeping:
  end: 1690540663.618472
  start: 1690540663.6184585
