event_sleeping:
  end: 1690540663.8330054
  start: 1690540663.8329859
