event_sleeping:
  end: 1690540663.3006105
  start: 1690540663.3005838
