event_sleeping:
  end: 1690540663.5518956
  start: 1690540663.5518816
