event_sleeping:
  end: 1690540663.1900024
  start: 1690540663.1899848
