event_sleeping:
  end: 1690540663.6975114
  start: 1690540663.6974955
