event_sleeping:
  end: 1690540663.8836575
  start: 1690540663.883635
