event_sleeping:
  end: 1690540663.0987246
  start: 1690540663.0987103
