event_sleeping:
  end: 1690540663.8083289
  start: 1690540663.808314
