event_sleeping:
  end: 1690540663.4007578
  start: 1690540663.4007435
