event_sleeping:
  end: 1690540663.93254
  start: 1690540663.9325268
