event_sleeping:
  end: 1690540663.2834523
  start: 1690540663.2834392
