event_sleeping:
  end: 1690540663.7805583
  start: 1690540663.7805383
