event_sleeping:
  end: 1690540663.2137215
  start: 1690540663.2136824
