event_sleeping:
  end: 1690540663.8819146
  start: 1690540663.8818893
