event_sleeping:
  end: 1690540663.1026235
  start: 1690540663.1026115
