event_sleeping:
  end: 1690540663.544805
  start: 1690540663.5447881
