event_sleeping:
  end: 1690540663.8296812
  start: 1690540663.829666
