event_sleeping:
  end: 1690540663.0976622
  start: 1690540663.0976436
