event_sleeping:
  end: 1690540663.7353082
  start: 1690540663.7352915
