event_sleeping:
  end: 1690540663.6511118
  start: 1690540663.651094
