event_sleeping:
  end: 1690540663.6190965
  start: 1690540663.619084
