event_sleeping:
  end: 1690540664.0190723
  start: 1690540664.019052
