event_sleeping:
  end: 1690540663.330935
  start: 1690540663.330919
