event_sleeping:
  end: 1690540663.1271589
  start: 1690540663.1271434
