event_sleeping:
  end: 1690540664.0022588
  start: 1690540664.0022457
