event_sleeping:
  end: 1690540663.5494208
  start: 1690540663.5494075
