event_sleeping:
  end: 1690540663.8324857
  start: 1690540663.8324363
