event_sleeping:
  end: 1690540663.7360244
  start: 1690540663.7360024
