event_sleeping:
  end: 1690540663.620265
  start: 1690540663.6202521
