event_sleeping:
  end: 1690540663.0974362
  start: 1690540663.0971751
