event_sleeping:
  end: 1690540663.097951
  start: 1690540663.0979369
