event_sleeping:
  end: 1690540663.4037738
  start: 1690540663.40376
