event_sleeping:
  end: 1690540663.8872092
  start: 1690540663.887197
