event_sleeping:
  end: 1690540663.739692
  start: 1690540663.7396688
