event_sleeping:
  end: 1690540663.3565087
  start: 1690540663.356493
