event_sleeping:
  end: 1690540663.2186756
  start: 1690540663.2186563
