event_sleeping:
  end: 1690540663.9320054
  start: 1690540663.9319928
