event_sleeping:
  end: 1690540663.327332
  start: 1690540663.3273184
