event_sleeping:
  end: 1690540663.7858384
  start: 1690540663.7858217
