event_sleeping:
  end: 1690540663.6951501
  start: 1690540663.695135
