event_sleeping:
  end: 1690540663.258267
  start: 1690540663.2582521
