event_sleeping:
  end: 1690540663.3299637
  start: 1690540663.3299491
