event_sleeping:
  end: 1690540663.4001317
  start: 1690540663.4001162
