event_sleeping:
  end: 1690540663.1276128
  start: 1690540663.1275914
