event_sleeping:
  end: 1690540664.072294
  start: 1690540664.0722673
