event_sleeping:
  end: 1690540663.9322846
  start: 1690540663.9322581
