event_sleeping:
  end: 1690540663.8565347
  start: 1690540663.8564925
