event_sleeping:
  end: 1690540663.980904
  start: 1690540663.9808917
