event_sleeping:
  end: 1690540663.5904343
  start: 1690540663.5904195
