event_sleeping:
  end: 1690540663.8279214
  start: 1690540663.827907
