event_sleeping:
  end: 1690540663.6243114
  start: 1690540663.6242738
