event_sleeping:
  end: 1690540663.5055845
  start: 1690540663.505562
