event_sleeping:
  end: 1690540663.2814457
  start: 1690540663.2814322
