event_sleeping:
  end: 1690540663.7639709
  start: 1690540663.7430522
