event_sleeping:
  end: 1690540664.068045
  start: 1690540664.0680192
