event_sleeping:
  end: 1690540663.6145902
  start: 1690540663.614575
