event_sleeping:
  end: 1690540663.7415383
  start: 1690540663.7415257
