event_sleeping:
  end: 1690540663.1284924
  start: 1690540663.1284728
