event_sleeping:
  end: 1690540663.3964193
  start: 1690540663.3964047
