event_sleeping:
  end: 1690540663.9553854
  start: 1690540663.955371
