event_sleeping:
  end: 1690540663.2787445
  start: 1690540663.2787309
