event_sleeping:
  end: 1690540663.283937
  start: 1690540663.28392
