event_sleeping:
  end: 1690540663.6450167
  start: 1690540663.6450014
