event_sleeping:
  end: 1690540663.1907976
  start: 1690540663.1907802
