event_sleeping:
  end: 1690540663.4970675
  start: 1690540663.4970517
