event_sleeping:
  end: 1690540663.9079812
  start: 1690540663.9079633
