event_sleeping:
  end: 1690540663.8370068
  start: 1690540663.8369937
