event_sleeping:
  end: 1690540663.7850585
  start: 1690540663.7850344
