event_sleeping:
  end: 1690540663.6519394
  start: 1690540663.6519237
