event_sleeping:
  end: 1690596714.7687232
  start: 1690596714.7687044
