event_sleeping:
  end: 1690596714.839284
  start: 1690596714.8392696
