event_sleeping:
  end: 1690596714.7621052
  start: 1690596714.762078
