event_sleeping:
  end: 1690596714.9068003
  start: 1690596714.9067852
