event_sleeping:
  end: 1690596714.7688394
  start: 1690596714.7688236
