event_sleeping:
  end: 1690596714.7582593
  start: 1690596714.7582386
