event_sleeping:
  end: 1690596714.767576
  start: 1690596714.7675583
