event_sleeping:
  end: 1690596714.767195
  start: 1690596714.7671607
