event_sleeping:
  end: 1690596714.8729713
  start: 1690596714.8729568
