event_sleeping:
  end: 1690596714.7707117
  start: 1690596714.770679
