event_sleeping:
  end: 1690596714.8415785
  start: 1690596714.8415656
