event_sleeping:
  end: 1690596714.766784
  start: 1690596714.7667637
