event_sleeping:
  end: 1690596714.7718518
  start: 1690596714.7718353
