event_sleeping:
  end: 1690596714.7647038
  start: 1690596714.7646716
