event_sleeping:
  end: 1690596714.763693
  start: 1690596714.763674
