event_sleeping:
  end: 1690596714.8384638
  start: 1690596714.8384368
