event_sleeping:
  end: 1690596714.936098
  start: 1690596714.9360652
