event_sleeping:
  end: 1690596714.8717682
  start: 1690596714.8717504
