event_sleeping:
  end: 1690596714.7585416
  start: 1690596714.758527
