event_sleeping:
  end: 1690596714.7626152
  start: 1690596714.76258
