event_sleeping:
  end: 1690596714.7597096
  start: 1690596714.7596962
