event_uptime:
  end: 1690473974.6273508
  start: 1690473906.1192658
