event_sleeping:
  end: 1690473906.1168377
  start: 1690473906.11683
