event_sleeping:
  end: 1690473906.1163502
  start: 1690473906.1163323
