event_uptime:
  end: 1690473918.1115701
  start: 1690473906.1190948
