event_sleeping:
  end: 1690473906.1167603
  start: 1690473906.1167378
