event_uptime:
  end: 1690473937.6996799
  start: 1690473906.119586
