event_sleeping:
  end: 1690449651.189404
  start: 1690449651.1894019
