event_sleeping:
  end: 1690449651.1977222
  start: 1690449651.197715
