event_sleeping:
  end: 1690449651.211832
  start: 1690449651.2114272
