event_sleeping:
  end: 1690449651.2018065
  start: 1690449651.201803
