event_sleeping:
  end: 1690449651.2068465
  start: 1690449651.2068424
