event_sleeping:
  end: 1690449651.2150686
  start: 1690449651.2150645
