event_sleeping:
  end: 1690449651.2123497
  start: 1690449651.2123458
