event_sleeping:
  end: 1690449651.1949432
  start: 1690449651.1949372
