event_sleeping:
  end: 1690449651.1902447
  start: 1690449651.1902409
