event_sleeping:
  end: 1690449651.1998136
  start: 1690449651.1998096
