event_sleeping:
  end: 1690449651.192024
  start: 1690449651.19202
