event_sleeping:
  end: 1690449651.2027962
  start: 1690449651.2027915
