event_sleeping:
  end: 1690449651.2066774
  start: 1690449651.2066646
