event_sleeping:
  end: 1690449651.2142985
  start: 1690449651.2142944
