event_sleeping:
  end: 1690449651.2112854
  start: 1690449651.211281
