event_sleeping:
  end: 1690449651.1990526
  start: 1690449651.1990483
