event_sleeping:
  end: 1690449651.1992702
  start: 1690449651.1992652
