event_sleeping:
  end: 1690449651.2166076
  start: 1690449651.216604
