event_sleeping:
  end: 1690449651.2110622
  start: 1690449651.2110581
