event_sleeping:
  end: 1690449651.215702
  start: 1690449651.215698
