event_sleeping:
  end: 1690449651.2129283
  start: 1690449651.2129242
