event_sleeping:
  end: 1690449651.1919668
  start: 1690449651.1914184
