event_sleeping:
  end: 1690449651.2074997
  start: 1690449651.2074957
