event_sleeping:
  end: 1690449651.2133844
  start: 1690449651.2133808
