event_sleeping:
  end: 1690449651.1947103
  start: 1690449651.194706
