event_sleeping:
  end: 1690449651.1937544
  start: 1690449651.1937492
