event_sleeping:
  end: 1690449651.1989095
  start: 1690449651.1989052
