event_sleeping:
  end: 1690449651.2029366
  start: 1690449651.202931
