event_sleeping:
  end: 1690449651.215184
  start: 1690449651.2151797
