event_sleeping:
  end: 1690449651.2025595
  start: 1690449651.2025545
