event_sleeping:
  end: 1690449651.1896186
  start: 1690449651.1896167
