event_uptime:
  end: 1690630040.2558005
  start: 1690629973.5509493
