event_sleeping:
  end: 1690629973.531859
  start: 1690629973.5318413
