event_sleeping:
  end: 1690629973.5358999
  start: 1690629973.535885
