event_uptime:
  end: 1690630376.5483794
  start: 1690629973.5720248
