event_uptime:
  end: 1690630376.5617433
  start: 1690629973.536085
