event_sleeping:
  end: 1690629973.532286
  start: 1690629973.5322745
