event_uptime:
  end: 1690630512.6238391
  start: 1690629973.6011324
