event_sleeping:
  end: 1690629973.534387
  start: 1690629973.5343747
