event_sleeping:
  end: 1690629973.5360234
  start: 1690629973.5360084
