event_uptime:
  end: 1690630512.600522
  start: 1690629973.6182728
