event_sleeping:
  end: 1690629973.5314236
  start: 1690629973.5314074
