event_uptime:
  end: 1690630275.7990208
  start: 1690629973.5344906
