event_sleeping:
  end: 1690629973.5317175
  start: 1690629973.5316966
