event_uptime:
  end: 1690630275.793105
  start: 1690629973.5352085
