event_sleeping:
  end: 1690474373.2500272
  start: 1690474373.2500148
