event_sleeping:
  end: 1690474373.2507975
  start: 1690474373.2507849
