event_sleeping:
  end: 1690474373.2749233
  start: 1690474373.2749093
