event_sleeping:
  end: 1690474373.3138611
  start: 1690474373.313798
