event_sleeping:
  end: 1690474373.254983
  start: 1690474373.2549624
