event_sleeping:
  end: 1690474373.2579746
  start: 1690474373.2579553
