event_sleeping:
  end: 1690474373.2573855
  start: 1690474373.2573647
