event_sleeping:
  end: 1690474373.253803
  start: 1690474373.2537885
