event_sleeping:
  end: 1690474373.2741005
  start: 1690474373.2740846
