event_sleeping:
  end: 1690474373.2765257
  start: 1690474373.2765114
