event_sleeping:
  end: 1690474373.31536
  start: 1690474373.3153393
