event_sleeping:
  end: 1690474373.2551029
  start: 1690474373.2550864
