event_sleeping:
  end: 1690474204.8456113
  start: 1690474204.8456006
