event_sleeping:
  end: 1690474204.911413
  start: 1690474204.9113986
