event_sleeping:
  end: 1690474204.930294
  start: 1690474204.9302797
