event_sleeping:
  end: 1690474204.9308076
  start: 1690474204.9307938
