event_sleeping:
  end: 1690474204.8939967
  start: 1690474204.8939722
