event_sleeping:
  end: 1690474204.9577708
  start: 1690474204.957756
