event_sleeping:
  end: 1690474204.8482654
  start: 1690474204.8482444
