event_sleeping:
  end: 1690474204.8504632
  start: 1690474204.850449
