event_sleeping:
  end: 1690474204.8571389
  start: 1690474204.8571267
