event_sleeping:
  end: 1690474204.9147992
  start: 1690474204.9147863
