event_sleeping:
  end: 1690474204.8775852
  start: 1690474204.8775713
