event_sleeping:
  end: 1690474204.9105222
  start: 1690474204.9105077
