event_sleeping:
  end: 1690474204.9559994
  start: 1690474204.9559815
