event_sleeping:
  end: 1690474204.85578
  start: 1690474204.855767
