event_sleeping:
  end: 1690474204.957527
  start: 1690474204.9575148
