event_sleeping:
  end: 1690474204.906967
  start: 1690474204.9069154
