event_sleeping:
  end: 1690474204.8532228
  start: 1690474204.8532085
