event_sleeping:
  end: 1690474204.930654
  start: 1690474204.9306412
