event_sleeping:
  end: 1690474204.90803
  start: 1690474204.9079938
