event_sleeping:
  end: 1690474204.8545127
  start: 1690474204.854484
