event_sleeping:
  end: 1690474204.9151018
  start: 1690474204.9150875
