event_sleeping:
  end: 1690474204.8501053
  start: 1690474204.8500905
