event_sleeping:
  end: 1690596526.5757728
  start: 1690596526.5757592
