event_sleeping:
  end: 1690596526.6014283
  start: 1690596526.6014102
