event_sleeping:
  end: 1690596526.7876875
  start: 1690596526.7876687
