event_sleeping:
  end: 1690596526.7588365
  start: 1690596526.7422183
