event_sleeping:
  end: 1690596526.8448215
  start: 1690596526.8448064
