event_sleeping:
  end: 1690596526.5972831
  start: 1690596526.5972686
