event_sleeping:
  end: 1690596526.8900287
  start: 1690596526.8900151
