event_sleeping:
  end: 1690596526.8666453
  start: 1690596526.866632
