event_sleeping:
  end: 1690596526.5763514
  start: 1690596526.5763385
