event_sleeping:
  end: 1690596526.8677728
  start: 1690596526.867758
