event_sleeping:
  end: 1690596526.761777
  start: 1690596526.761747
