event_sleeping:
  end: 1690596526.5700016
  start: 1690596526.5699844
