event_sleeping:
  end: 1690596526.5721214
  start: 1690596526.5721068
