event_sleeping:
  end: 1690596526.5710046
  start: 1690596526.5709865
