event_sleeping:
  end: 1690596526.8435543
  start: 1690596526.8435235
