event_sleeping:
  end: 1690596526.5703332
  start: 1690596526.5703135
