event_sleeping:
  end: 1690596526.5719683
  start: 1690596526.5719557
