event_sleeping:
  end: 1690596526.7658172
  start: 1690596526.7657993
