event_sleeping:
  end: 1690596526.567605
  start: 1690596526.5675733
