event_sleeping:
  end: 1690596526.6363869
  start: 1690596526.6363728
