event_sleeping:
  end: 1690596526.8053217
  start: 1690596526.8052876
