event_sleeping:
  end: 1690596526.892062
  start: 1690596526.8920481
