event_sleeping:
  end: 1690596526.865123
  start: 1690596526.8651075
