event_sleeping:
  end: 1690596526.5998585
  start: 1690596526.599844
