event_sleeping:
  end: 1690596526.8675687
  start: 1690596526.8675525
