event_sleeping:
  end: 1690596526.5743146
  start: 1690596526.5743015
