event_sleeping:
  end: 1690596526.5783072
  start: 1690596526.5782948
