event_sleeping:
  end: 1690596526.5685713
  start: 1690596526.5685437
