event_sleeping:
  end: 1690596526.717387
  start: 1690596526.7173696
