event_sleeping:
  end: 1690596526.8681848
  start: 1690596526.8681695
