event_sleeping:
  end: 1690596526.8109007
  start: 1690596526.8108869
