event_sleeping:
  end: 1690596526.5642521
  start: 1690596526.5642393
