event_sleeping:
  end: 1690316803.755761
  start: 1690316803.7557588
