event_sleeping:
  end: 1690316803.7551718
  start: 1690316803.7551696
