event_sleeping:
  end: 1690316803.7620263
  start: 1690316803.762016
