event_sleeping:
  end: 1690316803.7643363
  start: 1690316803.7643282
