event_sleeping:
  end: 1690316803.7554436
  start: 1690316803.7554412
