event_sleeping:
  end: 1690316803.7598116
  start: 1690316803.7598078
