event_sleeping:
  end: 1690316803.754831
  start: 1690316803.7548285
