event_sleeping:
  end: 1690316803.7642674
  start: 1690316803.7642567
