event_sleeping:
  end: 1690316803.7596338
  start: 1690316803.7596297
