event_sleeping:
  end: 1690316803.7588418
  start: 1690316803.7588384
