event_sleeping:
  end: 1690316803.7641616
  start: 1690316803.7641551
