event_sleeping:
  end: 1690575191.338211
  start: 1690575191.3381996
