event_uptime:
  end: 1690575260.8903317
  start: 1690575191.3405323
