event_uptime:
  end: 1690575250.629957
  start: 1690575191.339096
