event_sleeping:
  end: 1690575191.3348265
  start: 1690575191.3348136
