event_sleeping:
  end: 1690575191.3373144
  start: 1690575191.337164
