event_uptime:
  end: 1690575268.1749074
  start: 1690575191.3403673
