event_uptime:
  end: 1690575256.7189999
  start: 1690575191.3447435
