event_sleeping:
  end: 1690575191.341855
  start: 1690575191.3418412
