event_uptime:
  end: 1690575278.663507
  start: 1690575191.3419974
