event_sleeping:
  end: 1690575191.3400173
  start: 1690575191.3400035
