event_sleeping:
  end: 1690575191.3368013
  start: 1690575191.3367872
