event_uptime:
  end: 1690575250.315007
  start: 1690575191.3397672
