event_uptime:
  end: 1690575257.7229972
  start: 1690575191.3448734
