event_sleeping:
  end: 1690575191.341958
  start: 1690575191.3419452
