event_sleeping:
  end: 1690575191.3423831
  start: 1690575191.342358
