event_uptime:
  end: 1690575259.7717173
  start: 1690575191.3606105
