event_uptime:
  end: 1690575247.0834365
  start: 1690575191.3636446
