event_sleeping:
  end: 1690575191.343457
  start: 1690575191.343443
