event_uptime:
  end: 1690575273.1798089
  start: 1690575191.3649132
