event_sleeping:
  end: 1690575191.344073
  start: 1690575191.3440595
