event_sleeping:
  end: 1690575191.3416665
  start: 1690575191.3416467
