event_uptime:
  end: 1690575203.4659572
  start: 1690575191.3449645
