event_uptime:
  end: 1690575224.0478003
  start: 1690575191.34215
