event_sleeping:
  end: 1690575191.340261
  start: 1690575191.3402467
