event_sleeping:
  end: 1690596112.8569553
  start: 1690596112.856943
