event_sleeping:
  end: 1690596112.8600705
  start: 1690596112.8600552
