event_sleeping:
  end: 1690596112.8534741
  start: 1690596112.8534603
