event_sleeping:
  end: 1690596112.915868
  start: 1690596112.915854
