event_sleeping:
  end: 1690596112.8571765
  start: 1690596112.8571591
