event_sleeping:
  end: 1690596112.8823838
  start: 1690596112.8823698
