event_sleeping:
  end: 1690596112.9154186
  start: 1690596112.9154046
