event_sleeping:
  end: 1690596112.9109936
  start: 1690596112.910945
