event_sleeping:
  end: 1690596112.8491764
  start: 1690596112.8491633
