event_sleeping:
  end: 1690596112.8588867
  start: 1690596112.858873
