event_sleeping:
  end: 1690596112.8827813
  start: 1690596112.882763
