event_sleeping:
  end: 1690596112.8575406
  start: 1690596112.857519
