event_sleeping:
  end: 1690596112.963397
  start: 1690596112.9633827
