event_sleeping:
  end: 1690596112.8583264
  start: 1690596112.858308
