event_sleeping:
  end: 1690596112.8969803
  start: 1690596112.896928
