event_sleeping:
  end: 1690596112.8779979
  start: 1690596112.8779428
