event_sleeping:
  end: 1690596112.8550754
  start: 1690596112.8543253
