event_sleeping:
  end: 1690596112.9177175
  start: 1690596112.9177017
