event_sleeping:
  end: 1690596112.8512752
  start: 1690596112.8512647
