event_sleeping:
  end: 1690596112.8506138
  start: 1690596112.8498075
