event_sleeping:
  end: 1690596112.8554509
  start: 1690596112.8554366
