event_sleeping:
  end: 1690596112.8461385
  start: 1690596112.8461242
