event_sleeping:
  end: 1690596326.3167224
  start: 1690596326.316691
