event_sleeping:
  end: 1690596326.3175766
  start: 1690596326.3175673
