event_sleeping:
  end: 1690596326.3174758
  start: 1690596326.31746
