event_sleeping:
  end: 1690596326.3171787
  start: 1690596326.3170671
