event_sleeping:
  end: 1690412689.7243507
  start: 1690412689.7243156
