event_sleeping:
  end: 1690412689.7364628
  start: 1690412689.736448
