event_sleeping:
  end: 1690412689.8079462
  start: 1690412689.8076286
