event_sleeping:
  end: 1690412689.7305462
  start: 1690412689.7305293
