event_sleeping:
  end: 1690412689.9573736
  start: 1690412689.9573584
