event_sleeping:
  end: 1690412689.8975344
  start: 1690412689.8975182
