event_sleeping:
  end: 1690412689.7344582
  start: 1690412689.7344449
