event_sleeping:
  end: 1690412689.7292604
  start: 1690412689.7290928
