event_sleeping:
  end: 1690412689.7407658
  start: 1690412689.7407532
