event_sleeping:
  end: 1690412689.7295463
  start: 1690412689.7295125
