event_sleeping:
  end: 1690412689.7292283
  start: 1690412689.7292092
