event_sleeping:
  end: 1690412689.7376635
  start: 1690412689.7376523
