event_sleeping:
  end: 1690412689.7329805
  start: 1690412689.7329662
