event_sleeping:
  end: 1690412689.8030374
  start: 1690412689.8029978
