event_sleeping:
  end: 1690412689.7258918
  start: 1690412689.7258754
