event_sleeping:
  end: 1690412689.9238696
  start: 1690412689.9237943
