event_sleeping:
  end: 1690412689.8079169
  start: 1690412689.8079014
