event_sleeping:
  end: 1690412689.9901412
  start: 1690412689.9900923
