event_sleeping:
  end: 1690412689.7338557
  start: 1690412689.7338395
