event_sleeping:
  end: 1690412689.739295
  start: 1690412689.739282
