event_sleeping:
  end: 1690412689.7284105
  start: 1690412689.7283967
