event_sleeping:
  end: 1690412689.7321923
  start: 1690412689.732179
