event_sleeping:
  end: 1690412689.7256513
  start: 1690412689.7256339
