event_sleeping:
  end: 1690412689.8779132
  start: 1690412689.877867
