event_sleeping:
  end: 1690412689.7386177
  start: 1690412689.7386043
