event_sleeping:
  end: 1690412689.954061
  start: 1690412689.9540431
