event_sleeping:
  end: 1690597654.065313
  start: 1690597654.0652997
