event_sleeping:
  end: 1690597654.067533
  start: 1690597654.0675197
