event_sleeping:
  end: 1690597654.0629544
  start: 1690597654.06294
