event_sleeping:
  end: 1690597654.0633502
  start: 1690597654.063338
