event_sleeping:
  end: 1690597654.0661228
  start: 1690597654.0661085
