event_sleeping:
  end: 1690597654.0637715
  start: 1690597654.0637555
