event_sleeping:
  end: 1690471236.935261
  start: 1690471236.9352057
