event_uptime:
  end: 1690471347.419595
  start: 1690471236.9696493
