event_sleeping:
  end: 1690471236.9365995
  start: 1690471236.9365766
