event_uptime:
  end: 1690471341.212343
  start: 1690471236.983323
