event_sleeping:
  end: 1690471236.934452
  start: 1690471236.9344335
