event_uptime:
  end: 1690471276.9634237
  start: 1690471236.937292
