event_sleeping:
  end: 1690471236.9353967
  start: 1690471236.9353688
