event_uptime:
  end: 1690471302.8121622
  start: 1690471236.9385114
