event_sleeping:
  end: 1690597295.7873456
  start: 1690597295.7873347
