event_sleeping:
  end: 1690597295.787432
  start: 1690597295.7874224
