event_sleeping:
  end: 1690597295.787095
  start: 1690597295.7870808
