event_sleeping:
  end: 1690597295.7872005
  start: 1690597295.7868526
