event_sleeping:
  end: 1690581051.3112516
  start: 1690581051.310357
