event_uptime:
  end: 1690581162.172383
  start: 1690581051.313595
