event_sleeping:
  end: 1690581051.3100038
  start: 1690581051.309991
