event_sleeping:
  end: 1690581051.3135064
  start: 1690581051.3134887
