event_uptime:
  end: 1690581165.99027
  start: 1690581051.3151948
