event_sleeping:
  end: 1690581051.3138776
  start: 1690581051.3138554
