event_uptime:
  end: 1690581159.1165864
  start: 1690581051.3155582
