event_sleeping:
  end: 1690581051.3150942
  start: 1690581051.3150756
