event_uptime:
  end: 1690581205.611126
  start: 1690581051.3474047
