event_uptime:
  end: 1690581091.3957448
  start: 1690581051.312573
