event_sleeping:
  end: 1690581051.3094552
  start: 1690581051.308829
