event_sleeping:
  end: 1690581051.309608
  start: 1690581051.3095946
