event_uptime:
  end: 1690581117.620796
  start: 1690581051.3132842
