event_sleeping:
  end: 1690434335.6500566
  start: 1690434335.6500378
