event_uptime:
  end: 1690434408.3169382
  start: 1690434335.654071
