event_sleeping:
  end: 1690434335.7774596
  start: 1690434335.777447
