event_sleeping:
  end: 1690434335.8638773
  start: 1690434335.8638616
