event_uptime:
  end: 1690434759.603122
  start: 1690434335.8605328
