event_uptime:
  end: 1690434759.6191666
  start: 1690434335.6563256
