event_sleeping:
  end: 1690434335.9562309
  start: 1690434335.9562168
