event_uptime:
  end: 1690434759.5386574
  start: 1690434335.733651
