event_uptime:
  end: 1690434759.5352917
  start: 1690434335.9773548
