event_sleeping:
  end: 1690434335.708317
  start: 1690434335.7082906
