event_sleeping:
  end: 1690434335.6600127
  start: 1690434335.6599977
