event_uptime:
  end: 1690434759.5623195
  start: 1690434335.6827853
