event_uptime:
  end: 1690434759.647345
  start: 1690434335.9566274
