event_uptime:
  end: 1690434759.554247
  start: 1690434335.8779438
