event_sleeping:
  end: 1690434335.8411317
  start: 1690434335.8411012
