event_sleeping:
  end: 1690434335.936928
  start: 1690434335.9369123
