event_uptime:
  end: 1690434759.6703916
  start: 1690434335.863269
