event_sleeping:
  end: 1690434335.6588578
  start: 1690434335.6588392
