event_uptime:
  end: 1690434759.6542141
  start: 1690434335.8095102
