event_sleeping:
  end: 1690434335.844651
  start: 1690434335.844636
