event_uptime:
  end: 1690434759.6295898
  start: 1690434335.6795795
