event_sleeping:
  end: 1690434335.6522622
  start: 1690434335.6522489
