event_sleeping:
  end: 1690434335.8814805
  start: 1690434335.8814652
