event_uptime:
  end: 1690434895.6754577
  start: 1690434335.8133998
