event_sleeping:
  end: 1690434335.685639
  start: 1690434335.68562
