event_uptime:
  end: 1690434895.6862607
  start: 1690434335.735656
