event_sleeping:
  end: 1690434335.7786522
  start: 1690434335.7786376
