event_uptime:
  end: 1690434895.757798
  start: 1690434335.9034133
