event_uptime:
  end: 1690434895.663258
  start: 1690434335.6887732
