event_sleeping:
  end: 1690434335.8439212
  start: 1690434335.8439028
