event_uptime:
  end: 1690434895.7751334
  start: 1690434335.857888
