event_sleeping:
  end: 1690434335.8632298
  start: 1690434335.8632157
