event_uptime:
  end: 1690434895.7315884
  start: 1690434335.6578662
