event_sleeping:
  end: 1690434335.6548643
  start: 1690434335.6548495
