event_sleeping:
  end: 1690434335.6567767
  start: 1690434335.656756
