event_sleeping:
  end: 1690434335.7086613
  start: 1690434335.7086422
