event_uptime:
  end: 1690434895.6392498
  start: 1690434335.9775472
