event_sleeping:
  end: 1690434335.7076912
  start: 1690434335.7076724
