event_uptime:
  end: 1690434895.5747275
  start: 1690434335.7735922
