event_uptime:
  end: 1690434895.7026076
  start: 1690434335.865134
