event_uptime:
  end: 1690434895.7385068
  start: 1690434335.6607037
