event_sleeping:
  end: 1690434335.9576154
  start: 1690434335.9576006
