event_uptime:
  end: 1690434655.0629103
  start: 1690434335.9712484
