event_uptime:
  end: 1690434655.0985975
  start: 1690434335.7687662
