event_sleeping:
  end: 1690434335.8645957
  start: 1690434335.8645797
