event_sleeping:
  end: 1690434335.732624
  start: 1690434335.7326071
