event_sleeping:
  end: 1690434335.6510375
  start: 1690434335.6510227
