event_sleeping:
  end: 1690434335.9033792
  start: 1690434335.9033654
