event_sleeping:
  end: 1690434335.9519694
  start: 1690434335.9519444
