event_uptime:
  end: 1690434655.1620567
  start: 1690434335.9526525
