event_uptime:
  end: 1690434655.0359824
  start: 1690434335.7370481
