event_uptime:
  end: 1690434655.0832446
  start: 1690434335.9009993
