event_uptime:
  end: 1690434655.1457016
  start: 1690434335.6548953
