event_sleeping:
  end: 1690434335.7750819
  start: 1690434335.7750669
