event_uptime:
  end: 1690434655.1163993
  start: 1690434335.6625466
