event_sleeping:
  end: 1690434335.8405864
  start: 1690434335.8405666
