event_uptime:
  end: 1690434655.1355546
  start: 1690434335.6591182
