event_sleeping:
  end: 1690434335.657994
  start: 1690434335.6579814
