event_sleeping:
  end: 1690434335.6554115
  start: 1690434335.6554015
