event_uptime:
  end: 1690434655.1757164
  start: 1690434335.844719
