event_uptime:
  end: 1690434655.042721
  start: 1690434335.7775972
