event_sleeping:
  end: 1690434335.7297158
  start: 1690434335.7296977
