event_sleeping:
  end: 1690597774.8151364
  start: 1690597774.8151257
