event_sleeping:
  end: 1690597774.8147402
  start: 1690597774.814726
