event_sleeping:
  end: 1690597774.8161783
  start: 1690597774.8161633
