event_sleeping:
  end: 1690597774.8149314
  start: 1690597774.8149168
