event_uptime:
  end: 1690431491.243032
  start: 1690431424.7289805
