event_sleeping:
  end: 1690431424.7258291
  start: 1690431424.725822
