event_uptime:
  end: 1690431827.573434
  start: 1690431424.7291558
