event_sleeping:
  end: 1690431424.7259946
  start: 1690431424.7259855
