event_sleeping:
  end: 1690431424.726347
  start: 1690431424.72634
