event_uptime:
  end: 1690431963.6342468
  start: 1690431424.758907
