event_sleeping:
  end: 1690431424.7261808
  start: 1690431424.7261739
