event_uptime:
  end: 1690431726.8517113
  start: 1690431424.72873
