event_sleeping:
  end: 1690424029.2090983
  start: 1690424029.2090085
