event_sleeping:
  end: 1690424029.2085865
  start: 1690424029.2084746
