event_sleeping:
  end: 1690424029.2111804
  start: 1690424029.2111318
