event_sleeping:
  end: 1690424029.208817
  start: 1690424029.2088044
