event_sleeping:
  end: 1690424029.2093499
  start: 1690424029.209324
