event_sleeping:
  end: 1690424029.2110045
  start: 1690424029.2109573
