event_sleeping:
  end: 1690486193.4967988
  start: 1690486193.4967773
