event_uptime:
  end: 1690486262.0441012
  start: 1690486193.5037923
