event_uptime:
  end: 1690486598.23014
  start: 1690486194.086681
