event_uptime:
  end: 1690486598.0963836
  start: 1690486193.7147212
