event_uptime:
  end: 1690486598.0981932
  start: 1690486193.5039182
