event_uptime:
  end: 1690486598.2352037
  start: 1690486193.7096238
