event_sleeping:
  end: 1690486193.8732626
  start: 1690486193.8732502
