event_sleeping:
  end: 1690486193.6718986
  start: 1690486193.671881
