event_uptime:
  end: 1690486598.1504893
  start: 1690486193.9038455
