event_sleeping:
  end: 1690486193.7110655
  start: 1690486193.7110505
