event_uptime:
  end: 1690486598.1261203
  start: 1690486193.9802947
