event_uptime:
  end: 1690486598.1744792
  start: 1690486193.5828078
