event_sleeping:
  end: 1690486193.4964626
  start: 1690486193.4964483
