event_sleeping:
  end: 1690486193.6167822
  start: 1690486193.616768
