event_uptime:
  end: 1690486598.2012994
  start: 1690486193.8132913
