event_sleeping:
  end: 1690486193.504485
  start: 1690486193.5044343
