event_sleeping:
  end: 1690486194.054591
  start: 1690486194.0545785
