event_sleeping:
  end: 1690486193.9988601
  start: 1690486193.998847
