event_uptime:
  end: 1690486598.2610524
  start: 1690486193.6376123
