event_uptime:
  end: 1690486598.2906935
  start: 1690486193.8497286
