event_uptime:
  end: 1690486598.096106
  start: 1690486194.0568986
