event_sleeping:
  end: 1690486193.5000937
  start: 1690486193.5000796
