event_sleeping:
  end: 1690486193.815876
  start: 1690486193.8158565
