event_sleeping:
  end: 1690486193.7770522
  start: 1690486193.7770383
