event_sleeping:
  end: 1690486193.9589252
  start: 1690486193.9589114
