event_uptime:
  end: 1690486598.0952637
  start: 1690486193.5317283
