event_sleeping:
  end: 1690486194.055008
  start: 1690486194.054994
