event_uptime:
  end: 1690486598.2696295
  start: 1690486194.0501394
