event_uptime:
  end: 1690486598.1535966
  start: 1690486193.5008788
