event_uptime:
  end: 1690486598.1863277
  start: 1690486193.7539296
