event_sleeping:
  end: 1690486193.7155912
  start: 1690486193.7155774
