event_sleeping:
  end: 1690486193.5525565
  start: 1690486193.5525453
