event_sleeping:
  end: 1690486193.9211988
  start: 1690486193.9211745
