event_uptime:
  end: 1690486734.3426445
  start: 1690486194.0171382
