event_uptime:
  end: 1690486734.2421243
  start: 1690486194.053283
