event_uptime:
  end: 1690486734.1699924
  start: 1690486193.5050576
