event_uptime:
  end: 1690486734.2027595
  start: 1690486193.7721536
