event_sleeping:
  end: 1690486194.0500848
  start: 1690486194.050071
