event_uptime:
  end: 1690486734.2850363
  start: 1690486193.832889
