event_uptime:
  end: 1690486734.2421985
  start: 1690486193.5958374
