event_sleeping:
  end: 1690486193.7316892
  start: 1690486193.7316747
