event_sleeping:
  end: 1690486193.5016844
  start: 1690486193.5016723
