event_sleeping:
  end: 1690486193.9950137
  start: 1690486193.9949977
