event_uptime:
  end: 1690486734.269373
  start: 1690486193.5041733
