event_uptime:
  end: 1690486734.1879961
  start: 1690486194.0555835
