event_uptime:
  end: 1690486734.3500586
  start: 1690486193.7926524
