event_uptime:
  end: 1690486734.1907644
  start: 1690486193.872053
