event_sleeping:
  end: 1690486193.500849
  start: 1690486193.4991155
