event_uptime:
  end: 1690486734.3259628
  start: 1690486193.9390767
