event_uptime:
  end: 1690486734.365326
  start: 1690486193.6184478
