event_sleeping:
  end: 1690486193.612127
  start: 1690486193.6120853
