event_uptime:
  end: 1690486734.2493284
  start: 1690486193.5523882
