event_sleeping:
  end: 1690486193.775822
  start: 1690486193.7758057
