event_sleeping:
  end: 1690486193.6553721
  start: 1690486193.655357
