event_sleeping:
  end: 1690486193.5241647
  start: 1690486193.5241284
