event_uptime:
  end: 1690486734.3295872
  start: 1690486193.7334747
