event_sleeping:
  end: 1690486194.0532467
  start: 1690486194.053231
