event_sleeping:
  end: 1690486193.854023
  start: 1690486193.8540092
