event_sleeping:
  end: 1690486193.5544307
  start: 1690486193.5544145
