event_sleeping:
  end: 1690486193.8156366
  start: 1690486193.8156242
