event_sleeping:
  end: 1690486193.7141502
  start: 1690486193.7141347
