event_uptime:
  end: 1690486734.363762
  start: 1690486193.67847
