event_uptime:
  end: 1690486497.4624698
  start: 1690486193.55034
