event_uptime:
  end: 1690486497.5508626
  start: 1690486193.8101368
