event_uptime:
  end: 1690486497.4750247
  start: 1690486194.0510864
