event_sleeping:
  end: 1690486193.7925346
  start: 1690486193.792515
