event_uptime:
  end: 1690486497.364288
  start: 1690486193.530366
