event_sleeping:
  end: 1690486193.9083388
  start: 1690486193.9083257
