event_uptime:
  end: 1690486497.4344463
  start: 1690486193.502707
