event_sleeping:
  end: 1690486193.504147
  start: 1690486193.504128
