event_uptime:
  end: 1690486497.38213
  start: 1690486193.694808
