event_sleeping:
  end: 1690486193.6380646
  start: 1690486193.6380515
