event_sleeping:
  end: 1690486193.7343345
  start: 1690486193.734321
