event_uptime:
  end: 1690486497.5195239
  start: 1690486193.8725564
