event_sleeping:
  end: 1690486194.0123386
  start: 1690486194.012319
