event_uptime:
  end: 1690486497.3955052
  start: 1690486193.9406304
