event_uptime:
  end: 1690486497.491322
  start: 1690486193.7745228
