event_sleeping:
  end: 1690486193.5044613
  start: 1690486193.5031579
