event_sleeping:
  end: 1690486193.8534577
  start: 1690486193.8534417
