event_sleeping:
  end: 1690486193.5313632
  start: 1690486193.5313504
