event_sleeping:
  end: 1690486194.0514038
  start: 1690486194.0513906
