event_sleeping:
  end: 1690486193.755074
  start: 1690486193.7550595
