event_uptime:
  end: 1690486497.413533
  start: 1690486194.053955
