event_uptime:
  end: 1690486497.3889594
  start: 1690486193.5310183
