event_uptime:
  end: 1690486497.5268304
  start: 1690486193.6740355
