event_sleeping:
  end: 1690486193.6791422
  start: 1690486193.6791284
