event_uptime:
  end: 1690486497.5420022
  start: 1690486193.6330884
