event_uptime:
  end: 1690486497.5881283
  start: 1690486193.9782164
