event_sleeping:
  end: 1690486193.4983919
  start: 1690486193.4983785
