event_uptime:
  end: 1690486497.349139
  start: 1690486193.7559042
