event_sleeping:
  end: 1690486193.615257
  start: 1690486193.615243
