event_sleeping:
  end: 1690486193.941401
  start: 1690486193.9413881
