event_sleeping:
  end: 1690599958.6422744
  start: 1690599958.6422594
