event_sleeping:
  end: 1690599958.8416924
  start: 1690599958.841678
