event_sleeping:
  end: 1690599958.9263735
  start: 1690599958.9263585
