event_sleeping:
  end: 1690599958.6754456
  start: 1690599958.6754105
