event_sleeping:
  end: 1690599958.8025656
  start: 1690599958.8025439
