event_sleeping:
  end: 1690599958.696686
  start: 1690599958.6966453
