event_sleeping:
  end: 1690599958.9036007
  start: 1690599958.9035838
