event_sleeping:
  end: 1690599958.6459765
  start: 1690599958.6459622
