event_sleeping:
  end: 1690599958.7590764
  start: 1690599958.759045
