event_sleeping:
  end: 1690599958.6496582
  start: 1690599958.6496396
