event_sleeping:
  end: 1690599958.8781562
  start: 1690599958.8781378
