event_sleeping:
  end: 1690599958.8793561
  start: 1690599958.8793378
