event_sleeping:
  end: 1690599958.9059353
  start: 1690599958.9059203
