event_sleeping:
  end: 1690599958.8765635
  start: 1690599958.8765504
