event_sleeping:
  end: 1690599958.647375
  start: 1690599958.6473618
