event_sleeping:
  end: 1690599958.8769038
  start: 1690599958.8767736
