event_sleeping:
  end: 1690599958.9043796
  start: 1690599958.9043584
