event_sleeping:
  end: 1690599958.8773167
  start: 1690599958.8772779
