event_sleeping:
  end: 1690599958.6714966
  start: 1690599958.6714783
