event_sleeping:
  end: 1690599958.8800683
  start: 1690599958.8800545
