event_sleeping:
  end: 1690599958.8810966
  start: 1690599958.8810842
