event_sleeping:
  end: 1690599958.8006933
  start: 1690599958.8006747
