event_sleeping:
  end: 1690599958.6432471
  start: 1690599958.643233
