event_sleeping:
  end: 1690599958.8407838
  start: 1690599958.8407657
