event_sleeping:
  end: 1690599958.9275577
  start: 1690599958.927528
