event_sleeping:
  end: 1690599958.7062175
  start: 1690599958.7061656
