event_sleeping:
  end: 1690599958.6428802
  start: 1690599958.6428647
