event_sleeping:
  end: 1690599958.7015421
  start: 1690599958.7015295
