event_sleeping:
  end: 1690599958.6468022
  start: 1690599958.6467848
