event_sleeping:
  end: 1690595312.210889
  start: 1690595312.2108748
