event_sleeping:
  end: 1690595312.215034
  start: 1690595312.2150178
