event_sleeping:
  end: 1690595312.2714736
  start: 1690595312.2714548
