event_sleeping:
  end: 1690595312.2112722
  start: 1690595312.2112527
