event_sleeping:
  end: 1690595312.2219088
  start: 1690595312.2218955
