event_sleeping:
  end: 1690595312.2183821
  start: 1690595312.2183688
