event_sleeping:
  end: 1690595312.338805
  start: 1690595312.3387892
