event_sleeping:
  end: 1690595312.2205188
  start: 1690595312.2205067
