event_sleeping:
  end: 1690595312.2233005
  start: 1690595312.2232883
