event_sleeping:
  end: 1690595312.2748706
  start: 1690595312.2748573
