event_sleeping:
  end: 1690595312.2140594
  start: 1690595312.2140236
