event_sleeping:
  end: 1690595312.2223754
  start: 1690595312.2222562
