event_sleeping:
  end: 1690595312.2753687
  start: 1690595312.2753565
