event_sleeping:
  end: 1690595312.2596636
  start: 1690595312.2596462
