event_sleeping:
  end: 1690595312.2738585
  start: 1690595312.273845
