event_sleeping:
  end: 1690595312.2117257
  start: 1690595312.2117114
