event_sleeping:
  end: 1690595312.223094
  start: 1690595312.2230806
