event_sleeping:
  end: 1690595312.2389622
  start: 1690595312.2389367
