event_sleeping:
  end: 1690595312.2134967
  start: 1690595312.2134836
