event_sleeping:
  end: 1690595312.21458
  start: 1690595312.2145674
