event_sleeping:
  end: 1690595312.216646
  start: 1690595312.2166324
