event_sleeping:
  end: 1690595312.2085485
  start: 1690595312.2085342
