event_uptime:
  end: 1690604288.267025
  start: 1690604218.281908
