event_sleeping:
  end: 1690604218.278245
  start: 1690604218.278232
