event_uptime:
  end: 1690604283.6981354
  start: 1690604218.3607075
