event_uptime:
  end: 1690604303.3107243
  start: 1690604218.2881238
