event_sleeping:
  end: 1690604218.3491576
  start: 1690604218.3491442
