event_uptime:
  end: 1690604291.8666348
  start: 1690604218.3658457
