event_sleeping:
  end: 1690604218.3464043
  start: 1690604218.3463776
