event_uptime:
  end: 1690604277.9713147
  start: 1690604218.2785494
