event_sleeping:
  end: 1690604218.2862267
  start: 1690604218.2862136
