event_sleeping:
  end: 1690604218.2742937
  start: 1690604218.2742743
