event_uptime:
  end: 1690604287.8023221
  start: 1690604218.3668964
