event_sleeping:
  end: 1690604218.2849214
  start: 1690604218.284908
