event_sleeping:
  end: 1690604218.3470633
  start: 1690604218.3470507
