event_uptime:
  end: 1690604314.0684807
  start: 1690604218.28789
