event_sleeping:
  end: 1690604218.280416
  start: 1690604218.2804031
