event_uptime:
  end: 1690604295.6516085
  start: 1690604218.28434
