event_sleeping:
  end: 1690604218.2741122
  start: 1690604218.2740986
