event_uptime:
  end: 1690604284.0275009
  start: 1690604218.2774994
