event_sleeping:
  end: 1690604218.2796638
  start: 1690604218.2796514
