event_uptime:
  end: 1690604306.103519
  start: 1690604218.285982
