event_sleeping:
  end: 1690604218.283072
  start: 1690604218.2830591
