event_uptime:
  end: 1690604277.5960014
  start: 1690604218.2868328
