event_uptime:
  end: 1690604285.1355774
  start: 1690604218.2845542
