event_sleeping:
  end: 1690604218.2808857
  start: 1690604218.2808712
