event_uptime:
  end: 1690604287.1667073
  start: 1690604218.284657
