event_sleeping:
  end: 1690604218.2814429
  start: 1690604218.2814245
