event_sleeping:
  end: 1690604218.2818327
  start: 1690604218.2818131
