event_uptime:
  end: 1690604274.4224236
  start: 1690604218.2853668
