event_uptime:
  end: 1690604300.6116366
  start: 1690604218.2874486
