event_sleeping:
  end: 1690604218.2845256
  start: 1690604218.2845123
