event_uptime:
  end: 1690604230.3633993
  start: 1690604218.279381
