event_sleeping:
  end: 1690604218.2733746
  start: 1690604218.2733598
