event_uptime:
  end: 1690604251.5916498
  start: 1690604218.2786605
