event_uptime:
  end: 1690574128.5283284
  start: 1690574059.5258052
