event_sleeping:
  end: 1690574059.5226681
  start: 1690574059.5226533
