event_sleeping:
  end: 1690574059.5260923
  start: 1690574059.526078
