event_sleeping:
  end: 1690574059.522923
  start: 1690574059.522903
