event_uptime:
  end: 1690574135.7841995
  start: 1690574059.5255332
