event_sleeping:
  end: 1690574059.5233567
  start: 1690574059.52329
