event_uptime:
  end: 1690574124.34344
  start: 1690574059.525908
