event_uptime:
  end: 1690574146.2990339
  start: 1690574059.5847843
