event_sleeping:
  end: 1690574059.5262957
  start: 1690574059.5262833
