event_uptime:
  end: 1690574071.627895
  start: 1690574059.5282087
