event_sleeping:
  end: 1690574059.5255084
  start: 1690574059.5253725
