event_uptime:
  end: 1690574091.596186
  start: 1690574059.5278893
