event_sleeping:
  end: 1690574059.5256755
  start: 1690574059.5254576
