event_sleeping:
  end: 1690470188.96379
  start: 1690470188.9637754
