event_sleeping:
  end: 1690470189.1698954
  start: 1690470189.1698809
