event_sleeping:
  end: 1690470189.041611
  start: 1690470189.0415747
