event_sleeping:
  end: 1690470189.1670237
  start: 1690470189.1669922
