event_sleeping:
  end: 1690470188.9700522
  start: 1690470188.9700289
