event_sleeping:
  end: 1690470189.1034586
  start: 1690470189.1034298
