event_sleeping:
  end: 1690470189.0428026
  start: 1690470189.0427747
