event_sleeping:
  end: 1690470188.9658833
  start: 1690470188.96587
