event_sleeping:
  end: 1690470188.9709435
  start: 1690470188.9709299
