event_sleeping:
  end: 1690470189.1239538
  start: 1690470189.1239376
