event_sleeping:
  end: 1690470188.9646828
  start: 1690470188.964669
