event_sleeping:
  end: 1690470188.9693532
  start: 1690470188.9693162
