event_sleeping:
  end: 1690470189.0452256
  start: 1690470189.0452127
