event_sleeping:
  end: 1690470189.107079
  start: 1690470189.1070652
