event_sleeping:
  end: 1690470189.198199
  start: 1690470189.1981819
