event_sleeping:
  end: 1690470189.167311
  start: 1690470189.1672986
