event_sleeping:
  end: 1690470189.121869
  start: 1690470189.1218529
