event_sleeping:
  end: 1690470188.9696083
  start: 1690470188.9695916
