event_sleeping:
  end: 1690470189.04824
  start: 1690470189.048226
