event_sleeping:
  end: 1690470189.0159898
  start: 1690470189.0159757
