event_sleeping:
  end: 1690470189.0135193
  start: 1690470189.0135057
