event_sleeping:
  end: 1690470188.9625697
  start: 1690470188.9625545
