event_sleeping:
  end: 1690304498.0249314
  start: 1690304498.0249271
