event_sleeping:
  end: 1690304498.0868728
  start: 1690304498.0868661
