event_sleeping:
  end: 1690304498.1208017
  start: 1690304498.1207972
