event_sleeping:
  end: 1690304498.0709352
  start: 1690304498.0709274
