event_sleeping:
  end: 1690304498.0308144
  start: 1690304498.0308082
