event_sleeping:
  end: 1690304498.088378
  start: 1690304498.0883737
