event_sleeping:
  end: 1690304498.1184075
  start: 1690304498.1184006
