event_sleeping:
  end: 1690304498.0718057
  start: 1690304498.0718017
