event_sleeping:
  end: 1690304498.079857
  start: 1690304498.0798507
