event_sleeping:
  end: 1690304498.0598269
  start: 1690304498.059823
