event_sleeping:
  end: 1690304498.0789948
  start: 1690304498.0789912
