event_sleeping:
  end: 1690304498.0160172
  start: 1690304498.016015
