event_sleeping:
  end: 1690304498.1209183
  start: 1690304498.1209126
