event_sleeping:
  end: 1690304498.0363348
  start: 1690304498.0363328
