event_sleeping:
  end: 1690304498.025016
  start: 1690304498.0250094
