event_sleeping:
  end: 1690304498.1206954
  start: 1690304498.1206894
