event_sleeping:
  end: 1690304498.0749974
  start: 1690304498.0749934
