event_sleeping:
  end: 1690304498.0360274
  start: 1690304498.0360234
