event_sleeping:
  end: 1690304498.0607312
  start: 1690304498.0607276
