event_sleeping:
  end: 1690304498.0682406
  start: 1690304498.0682366
