event_sleeping:
  end: 1690304498.1052678
  start: 1690304498.1052613
