event_sleeping:
  end: 1690304498.015634
  start: 1690304498.0156322
