event_sleeping:
  end: 1690304498.0733693
  start: 1690304498.0733654
