event_sleeping:
  end: 1690304498.0886366
  start: 1690304498.0886323
