event_sleeping:
  end: 1690304498.019765
  start: 1690304498.0192783
