event_sleeping:
  end: 1690304498.052061
  start: 1690304498.052057
