event_sleeping:
  end: 1690304498.0801938
  start: 1690304498.0801525
