event_sleeping:
  end: 1690304498.0238886
  start: 1690304498.0238817
