event_sleeping:
  end: 1690304498.1210244
  start: 1690304498.1210198
