event_sleeping:
  end: 1690304498.014723
  start: 1690304498.0147204
