event_sleeping:
  end: 1690304498.0248005
  start: 1690304498.0247965
