event_sleeping:
  end: 1690304498.0747936
  start: 1690304498.0742443
