event_sleeping:
  end: 1690304498.044533
  start: 1690304498.0445285
