event_sleeping:
  end: 1690304498.0362718
  start: 1690304498.036268
