event_sleeping:
  end: 1690304498.080051
  start: 1690304498.080047
