event_sleeping:
  end: 1690304498.0332737
  start: 1690304498.0332656
