event_sleeping:
  end: 1690304498.067547
  start: 1690304498.0675433
