event_sleeping:
  end: 1690304498.016262
  start: 1690304498.0162604
