event_sleeping:
  end: 1690304498.0386662
  start: 1690304498.0386598
