event_sleeping:
  end: 1690304498.1064777
  start: 1690304498.1064737
