event_sleeping:
  end: 1690304498.0494833
  start: 1690304498.0494783
