event_sleeping:
  end: 1690304498.074645
  start: 1690304498.0746415
