event_sleeping:
  end: 1690304498.097843
  start: 1690304498.097839
