event_sleeping:
  end: 1690304498.0277033
  start: 1690304498.0276988
