event_sleeping:
  end: 1690579893.3937883
  start: 1690579893.3937812
