event_uptime:
  end: 1690580003.8880486
  start: 1690579893.4549448
