event_sleeping:
  end: 1690579893.3990438
  start: 1690579893.399037
