event_uptime:
  end: 1690579997.6836493
  start: 1690579893.4315836
