event_sleeping:
  end: 1690579893.392114
  start: 1690579893.3921063
