event_uptime:
  end: 1690579933.4084988
  start: 1690579893.4034395
