event_uptime:
  end: 1690579959.2918017
  start: 1690579893.429784
