event_sleeping:
  end: 1690579893.3959901
  start: 1690579893.3959832
