event_sleeping:
  end: 1690450171.3168876
  start: 1690450171.3168838
