event_sleeping:
  end: 1690450171.3389482
  start: 1690450171.338943
