event_sleeping:
  end: 1690450171.3194242
  start: 1690450171.31942
