event_sleeping:
  end: 1690450171.3215458
  start: 1690450171.3215418
