event_sleeping:
  end: 1690450171.3572037
  start: 1690450171.3571997
