event_sleeping:
  end: 1690450171.35353
  start: 1690450171.3535259
