event_sleeping:
  end: 1690450171.341604
  start: 1690450171.3415956
