event_sleeping:
  end: 1690450171.346316
  start: 1690450171.3463123
