event_sleeping:
  end: 1690450171.3518984
  start: 1690450171.351893
