event_sleeping:
  end: 1690450171.3174925
  start: 1690450171.3174887
