event_sleeping:
  end: 1690450171.3228395
  start: 1690450171.322835
