event_sleeping:
  end: 1690450171.3190284
  start: 1690450171.319024
