event_sleeping:
  end: 1690450171.3386226
  start: 1690450171.3386161
