event_sleeping:
  end: 1690450171.3600216
  start: 1690450171.3600123
