event_sleeping:
  end: 1690450171.321905
  start: 1690450171.3219008
