event_sleeping:
  end: 1690450171.3533127
  start: 1690450171.3533087
