event_sleeping:
  end: 1690450171.353624
  start: 1690450171.35362
