event_sleeping:
  end: 1690450171.3325646
  start: 1690450171.3325586
