event_sleeping:
  end: 1690450171.343515
  start: 1690450171.3435109
