event_sleeping:
  end: 1690450171.348613
  start: 1690450171.3486085
