event_sleeping:
  end: 1690450171.3172314
  start: 1690450171.3172278
