event_sleeping:
  end: 1690579463.7647445
  start: 1690579463.7647314
