event_uptime:
  end: 1690579574.2396214
  start: 1690579463.780323
