event_uptime:
  end: 1690579568.031144
  start: 1690579463.76784
