event_sleeping:
  end: 1690579463.7656932
  start: 1690579463.7656782
