event_sleeping:
  end: 1690579463.7639456
  start: 1690579463.7638035
