event_uptime:
  end: 1690579503.7365487
  start: 1690579463.766795
