event_sleeping:
  end: 1690579463.7644632
  start: 1690579463.7644513
