event_uptime:
  end: 1690579529.6275938
  start: 1690579463.7676818
