event_sleeping:
  end: 1690469716.8933685
  start: 1690469716.893348
