event_sleeping:
  end: 1690469717.176314
  start: 1690469717.176301
