event_sleeping:
  end: 1690469717.0347703
  start: 1690469717.034752
