event_sleeping:
  end: 1690469717.088376
  start: 1690469717.0883603
