event_sleeping:
  end: 1690469717.152141
  start: 1690469717.1521254
