event_sleeping:
  end: 1690469717.174146
  start: 1690469717.174132
