event_sleeping:
  end: 1690469717.1289566
  start: 1690469717.128944
