event_sleeping:
  end: 1690469717.0918174
  start: 1690469717.0918026
