event_sleeping:
  end: 1690469716.9912744
  start: 1690469716.991259
