event_sleeping:
  end: 1690469716.896196
  start: 1690469716.896183
