event_sleeping:
  end: 1690469717.172335
  start: 1690469717.1723204
