event_sleeping:
  end: 1690469717.1792479
  start: 1690469717.1792338
