event_sleeping:
  end: 1690469717.1319857
  start: 1690469717.1319692
