event_sleeping:
  end: 1690469716.9688194
  start: 1690469716.9688046
