event_sleeping:
  end: 1690469716.8969321
  start: 1690469716.8969185
