event_sleeping:
  end: 1690469717.0136619
  start: 1690469717.0136452
