event_sleeping:
  end: 1690469717.178575
  start: 1690469717.178545
