event_sleeping:
  end: 1690469717.1726642
  start: 1690469717.172647
