event_sleeping:
  end: 1690469717.131749
  start: 1690469717.1317265
