event_sleeping:
  end: 1690469716.9479973
  start: 1690469716.947983
