event_sleeping:
  end: 1690469716.897378
  start: 1690469716.89736
