event_sleeping:
  end: 1690469717.1113575
  start: 1690469717.1113405
