event_sleeping:
  end: 1690469717.1728168
  start: 1690469717.1728032
