event_sleeping:
  end: 1690469717.068747
  start: 1690469717.068731
