event_sleeping:
  end: 1690469716.9423418
  start: 1690469716.9423053
