event_sleeping:
  end: 1690469717.172182
  start: 1690469717.1721675
