event_sleeping:
  end: 1690469717.1254728
  start: 1690469717.125422
