event_sleeping:
  end: 1690469716.8993127
  start: 1690469716.8993006
