event_sleeping:
  end: 1690469717.1772006
  start: 1690469717.1771822
