event_sleeping:
  end: 1690469717.1788437
  start: 1690469717.178826
