event_sleeping:
  end: 1690469716.8940222
  start: 1690469716.8940072
