event_uptime:
  end: 1690549591.898917
  start: 1690549522.9375758
