event_sleeping:
  end: 1690549522.9350066
  start: 1690549522.9349914
