event_sleeping:
  end: 1690549522.9470925
  start: 1690549522.9470809
