event_uptime:
  end: 1690549927.876351
  start: 1690549523.5025017
