event_sleeping:
  end: 1690549523.6148384
  start: 1690549523.614822
