event_sleeping:
  end: 1690549523.187071
  start: 1690549523.1870413
