event_uptime:
  end: 1690549927.989907
  start: 1690549523.1918778
