event_uptime:
  end: 1690549928.0181954
  start: 1690549522.983451
