event_uptime:
  end: 1690549927.9972062
  start: 1690549523.2808397
