event_sleeping:
  end: 1690549523.26001
  start: 1690549523.2599862
