event_uptime:
  end: 1690549927.9622357
  start: 1690549523.2790964
