event_uptime:
  end: 1690549928.1209562
  start: 1690549522.9415658
