event_sleeping:
  end: 1690549523.5928955
  start: 1690549523.5928702
