event_uptime:
  end: 1690549927.9229457
  start: 1690549523.1401725
