event_uptime:
  end: 1690549927.9202614
  start: 1690549523.2725196
