event_uptime:
  end: 1690549928.0380802
  start: 1690549522.9855077
