event_sleeping:
  end: 1690549523.2743542
  start: 1690549523.27434
