event_sleeping:
  end: 1690549523.4720678
  start: 1690549523.4720519
