event_uptime:
  end: 1690549928.058656
  start: 1690549523.6483617
