event_uptime:
  end: 1690549927.9484491
  start: 1690549523.2721841
