event_uptime:
  end: 1690549927.9270897
  start: 1690549523.3520682
