event_sleeping:
  end: 1690549523.3978064
  start: 1690549523.3977911
