event_uptime:
  end: 1690549928.098285
  start: 1690549523.6455905
