event_sleeping:
  end: 1690549522.9375017
  start: 1690549522.9374862
