event_sleeping:
  end: 1690549522.9461002
  start: 1690549522.9460866
