event_sleeping:
  end: 1690549523.3322794
  start: 1690549523.3322668
