event_sleeping:
  end: 1690549522.9353824
  start: 1690549522.9353414
