event_uptime:
  end: 1690549928.0756292
  start: 1690549522.94172
