event_sleeping:
  end: 1690549523.0922012
  start: 1690549523.0921862
