event_sleeping:
  end: 1690549523.2667203
  start: 1690549523.266707
