event_sleeping:
  end: 1690549523.2765107
  start: 1690549523.276491
