event_uptime:
  end: 1690549928.1461067
  start: 1690549523.44324
