event_uptime:
  end: 1690550064.0643842
  start: 1690549523.2723129
