event_uptime:
  end: 1690550064.2401965
  start: 1690549522.94191
