event_sleeping:
  end: 1690549523.2343106
  start: 1690549523.2342985
