event_uptime:
  end: 1690550064.0164943
  start: 1690549523.1407106
