event_sleeping:
  end: 1690549523.2739835
  start: 1690549523.2739704
