event_sleeping:
  end: 1690549523.4450307
  start: 1690549523.4450169
