event_uptime:
  end: 1690550064.0844266
  start: 1690549522.9473264
