event_uptime:
  end: 1690550064.0645468
  start: 1690549523.3267462
