event_sleeping:
  end: 1690549523.1899424
  start: 1690549523.1899261
