event_uptime:
  end: 1690550064.0160563
  start: 1690549523.4744568
