event_sleeping:
  end: 1690549522.9853044
  start: 1690549522.9852886
