event_uptime:
  end: 1690550064.1471322
  start: 1690549523.301962
