event_uptime:
  end: 1690550064.1153176
  start: 1690549523.6476502
