event_sleeping:
  end: 1690549523.0913148
  start: 1690549523.0912852
