event_uptime:
  end: 1690550064.21063
  start: 1690549523.2794738
