event_sleeping:
  end: 1690549522.9340978
  start: 1690549522.934085
