event_uptime:
  end: 1690550064.0974004
  start: 1690549523.2704458
