event_uptime:
  end: 1690550064.258618
  start: 1690549523.6423492
