event_uptime:
  end: 1690550064.199023
  start: 1690549523.3992813
