event_sleeping:
  end: 1690549523.2775617
  start: 1690549523.2775428
