event_sleeping:
  end: 1690549523.2751822
  start: 1690549523.2751675
