event_sleeping:
  end: 1690549523.616058
  start: 1690549523.616044
