event_sleeping:
  end: 1690549523.3975136
  start: 1690549523.3975005
