event_uptime:
  end: 1690550064.1632307
  start: 1690549523.0181632
