event_uptime:
  end: 1690550064.0641937
  start: 1690549523.1921902
