event_sleeping:
  end: 1690549523.2638474
  start: 1690549523.2638297
