event_sleeping:
  end: 1690549522.9428115
  start: 1690549522.9427958
