event_sleeping:
  end: 1690549522.9366755
  start: 1690549522.9366617
