event_uptime:
  end: 1690550064.1658156
  start: 1690549522.9410691
