event_sleeping:
  end: 1690549523.6192257
  start: 1690549523.6192043
