event_uptime:
  end: 1690549827.2145944
  start: 1690549523.273596
