event_uptime:
  end: 1690549827.370486
  start: 1690549522.9414465
