event_uptime:
  end: 1690549827.2943232
  start: 1690549522.9456475
