event_sleeping:
  end: 1690549523.3334024
  start: 1690549523.3333883
