event_sleeping:
  end: 1690549523.090737
  start: 1690549523.0907054
