event_sleeping:
  end: 1690549522.9333298
  start: 1690549522.9333134
