event_sleeping:
  end: 1690549522.9455326
  start: 1690549522.9455144
