event_uptime:
  end: 1690549827.2863407
  start: 1690549522.9457958
