event_uptime:
  end: 1690549827.1720831
  start: 1690549523.4693365
