event_sleeping:
  end: 1690549523.4990041
  start: 1690549523.4989712
