event_sleeping:
  end: 1690549523.268959
  start: 1690549523.2689404
