event_uptime:
  end: 1690549827.390909
  start: 1690549523.3964174
