event_uptime:
  end: 1690549827.2037644
  start: 1690549523.2318685
