event_sleeping:
  end: 1690549523.276543
  start: 1690549523.2757642
