event_sleeping:
  end: 1690549523.2630296
  start: 1690549523.2630155
