event_sleeping:
  end: 1690549522.941876
  start: 1690549522.9418542
