event_uptime:
  end: 1690549827.3067544
  start: 1690549523.2803023
