event_uptime:
  end: 1690549827.2477968
  start: 1690549522.9474652
