event_sleeping:
  end: 1690549523.1921535
  start: 1690549523.1921406
