event_uptime:
  end: 1690549827.2016666
  start: 1690549523.5009177
