event_sleeping:
  end: 1690549523.1330357
  start: 1690549523.1330082
