event_uptime:
  end: 1690549827.2311862
  start: 1690549523.331588
