event_uptime:
  end: 1690549827.342814
  start: 1690549523.5491846
