event_uptime:
  end: 1690549827.1161065
  start: 1690549523.2719104
