event_sleeping:
  end: 1690549522.942451
  start: 1690549522.9424357
