event_uptime:
  end: 1690549827.1135316
  start: 1690549523.1380157
