event_sleeping:
  end: 1690549523.4724987
  start: 1690549523.4724855
