event_sleeping:
  end: 1690549523.4398355
  start: 1690549523.43981
