event_sleeping:
  end: 1690549523.2808049
  start: 1690549523.2807903
