event_uptime:
  end: 1690549827.1760225
  start: 1690549523.1618905
