event_sleeping:
  end: 1690449592.6646428
  start: 1690449592.6646407
