event_sleeping:
  end: 1690449592.676817
  start: 1690449592.6768093
