event_sleeping:
  end: 1690449592.6802151
  start: 1690449592.6801898
