event_sleeping:
  end: 1690449592.6706889
  start: 1690449592.6706846
