event_sleeping:
  end: 1690449592.6766686
  start: 1690449592.6766663
