event_sleeping:
  end: 1690449592.6803148
  start: 1690449592.6803107
