event_sleeping:
  end: 1690449592.6770208
  start: 1690449592.6770167
