event_sleeping:
  end: 1690449592.6697044
  start: 1690449592.6697004
