event_sleeping:
  end: 1690449592.6801376
  start: 1690449592.680134
