event_sleeping:
  end: 1690449592.6773129
  start: 1690449592.6773086
