event_sleeping:
  end: 1690449592.6800668
  start: 1690449592.6800613
