event_sleeping:
  end: 1690449592.6823106
  start: 1690449592.6823063
