event_sleeping:
  end: 1690449592.6765046
  start: 1690449592.6765006
