event_sleeping:
  end: 1690449592.665071
  start: 1690449592.665067
