event_sleeping:
  end: 1690449592.6795359
  start: 1690449592.6795313
