event_sleeping:
  end: 1690449592.6824355
  start: 1690449592.682432
