event_sleeping:
  end: 1690449592.6770906
  start: 1690449592.6770868
