event_sleeping:
  end: 1690449592.6796477
  start: 1690449592.67964
