event_sleeping:
  end: 1690449592.6797757
  start: 1690449592.679772
