event_sleeping:
  end: 1690449592.6799648
  start: 1690449592.6799595
