event_sleeping:
  end: 1690449592.677192
  start: 1690449592.6771615
