event_sleeping:
  end: 1690449592.6665165
  start: 1690449592.6665127
