event_sleeping:
  end: 1690449592.677478
  start: 1690449592.6774743
