event_sleeping:
  end: 1690449592.6707666
  start: 1690449592.6707628
