event_sleeping:
  end: 1690449592.679028
  start: 1690449592.679019
