event_sleeping:
  end: 1690449592.6793113
  start: 1690449592.6793072
