event_sleeping:
  end: 1690449592.6794274
  start: 1690449592.679423
