event_sleeping:
  end: 1690449592.677395
  start: 1690449592.6773913
