event_sleeping:
  end: 1690449592.676875
  start: 1690449592.676873
