event_sleeping:
  end: 1690449592.6803951
  start: 1690449592.6803908
