event_sleeping:
  end: 1690449592.6648333
  start: 1690449592.6648295
