event_sleeping:
  end: 1690316173.6974988
  start: 1690316173.697495
