event_uptime:
  end: 1690316245.63493
  start: 1690316173.702192
