event_uptime:
  end: 1690316597.142197
  start: 1690316173.7129674
