event_uptime:
  end: 1690316597.079156
  start: 1690316173.7151868
