event_uptime:
  end: 1690316597.0798066
  start: 1690316173.7152662
