event_sleeping:
  end: 1690316173.7008083
  start: 1690316173.7008061
