event_sleeping:
  end: 1690316173.7141576
  start: 1690316173.7141538
