event_uptime:
  end: 1690316597.1185083
  start: 1690316173.713051
