event_sleeping:
  end: 1690316173.7000546
  start: 1690316173.7000506
