event_uptime:
  end: 1690316597.1303961
  start: 1690316173.7121644
