event_sleeping:
  end: 1690316173.6984503
  start: 1690316173.6984484
