event_sleeping:
  end: 1690316173.7136042
  start: 1690316173.7135997
