event_sleeping:
  end: 1690316173.721373
  start: 1690316173.7213671
