event_sleeping:
  end: 1690316173.7006936
  start: 1690316173.7006903
