event_uptime:
  end: 1690316733.2095883
  start: 1690316173.7136152
