event_uptime:
  end: 1690316733.2064393
  start: 1690316173.7114787
