event_uptime:
  end: 1690316733.173631
  start: 1690316173.7179346
