event_uptime:
  end: 1690316733.1852267
  start: 1690316173.7123263
