event_sleeping:
  end: 1690316173.7147129
  start: 1690316173.7146552
