event_uptime:
  end: 1690316733.1780565
  start: 1690316173.7280352
