event_sleeping:
  end: 1690316173.6994839
  start: 1690316173.69948
