event_sleeping:
  end: 1690316173.6979995
  start: 1690316173.6979957
