event_sleeping:
  end: 1690316173.7121499
  start: 1690316173.7121456
