event_sleeping:
  end: 1690316173.6991072
  start: 1690316173.699103
