event_uptime:
  end: 1690316492.6197543
  start: 1690316173.7145052
