event_uptime:
  end: 1690316492.5461798
  start: 1690316173.7343063
