event_sleeping:
  end: 1690316173.7005866
  start: 1690316173.7005818
