event_uptime:
  end: 1690316492.6231067
  start: 1690316173.7023149
