event_uptime:
  end: 1690316492.5363147
  start: 1690316173.7151117
