event_sleeping:
  end: 1690316173.7275524
  start: 1690316173.7275462
