event_sleeping:
  end: 1690316173.6978896
  start: 1690316173.6978858
