event_uptime:
  end: 1690316492.6227627
  start: 1690316173.7124264
