event_sleeping:
  end: 1690599837.7909248
  start: 1690599837.7900007
