event_sleeping:
  end: 1690599837.9508255
  start: 1690599837.9508128
