event_sleeping:
  end: 1690599837.9107356
  start: 1690599837.9107184
