event_sleeping:
  end: 1690599838.0502505
  start: 1690599838.050237
