event_sleeping:
  end: 1690599837.9294448
  start: 1690599837.929431
