event_sleeping:
  end: 1690599837.9530017
  start: 1690599837.952987
