event_sleeping:
  end: 1690599837.9092708
  start: 1690599837.909248
