event_sleeping:
  end: 1690599838.083154
  start: 1690599838.0831342
