event_sleeping:
  end: 1690599837.97764
  start: 1690599837.9776094
