event_sleeping:
  end: 1690599838.1328013
  start: 1690599838.1327777
