event_sleeping:
  end: 1690599837.8264167
  start: 1690599837.8263917
