event_sleeping:
  end: 1690599838.1548862
  start: 1690599838.154868
