event_sleeping:
  end: 1690599837.875648
  start: 1690599837.875628
