event_sleeping:
  end: 1690599838.0125403
  start: 1690599838.0125268
