event_sleeping:
  end: 1690599837.793205
  start: 1690599837.7931888
