event_sleeping:
  end: 1690599838.0853536
  start: 1690599838.0853338
