event_sleeping:
  end: 1690599838.0845861
  start: 1690599838.084571
