event_sleeping:
  end: 1690599837.9752824
  start: 1690599837.9752696
