event_sleeping:
  end: 1690599838.0119326
  start: 1690599838.01192
