event_sleeping:
  end: 1690599837.9101222
  start: 1690599837.9100995
