event_sleeping:
  end: 1690599837.9784124
  start: 1690599837.9783974
