event_sleeping:
  end: 1690599837.9314308
  start: 1690599837.9314177
