event_sleeping:
  end: 1690599837.7974799
  start: 1690599837.7974663
