event_sleeping:
  end: 1690599838.1855853
  start: 1690599838.1855714
