event_sleeping:
  end: 1690599837.7939427
  start: 1690599837.7939284
