event_sleeping:
  end: 1690599837.9744275
  start: 1690599837.9744122
