event_sleeping:
  end: 1690599837.9121854
  start: 1690599837.9121723
