event_sleeping:
  end: 1690599837.949424
  start: 1690599837.9494057
