event_sleeping:
  end: 1690599837.793815
  start: 1690599837.7938004
