event_sleeping:
  end: 1690599838.134912
  start: 1690599838.1348953
