event_sleeping:
  end: 1690599837.7914305
  start: 1690599837.7914119
