event_sleeping:
  end: 1690596929.2676196
  start: 1690596929.2676125
