event_sleeping:
  end: 1690596929.2692277
  start: 1690596929.2692132
