event_sleeping:
  end: 1690596929.2699363
  start: 1690596929.2699206
