event_sleeping:
  end: 1690596929.2680075
  start: 1690596929.2679915
