event_sleeping:
  end: 1690596890.8308885
  start: 1690596890.8308294
