event_sleeping:
  end: 1690596890.8306797
  start: 1690596890.8306668
