event_sleeping:
  end: 1690596890.8309298
  start: 1690596890.8309214
