event_sleeping:
  end: 1690596890.8305168
  start: 1690596890.8303986
