event_sleeping:
  end: 1690394980.194088
  start: 1690394980.1940513
