event_sleeping:
  end: 1690394980.1986823
  start: 1690394980.1986692
