event_sleeping:
  end: 1690394980.2221527
  start: 1690394980.2218637
