event_sleeping:
  end: 1690394980.3237722
  start: 1690394980.3237596
