event_sleeping:
  end: 1690394980.37501
  start: 1690394980.3749926
