event_sleeping:
  end: 1690394980.340455
  start: 1690394980.3404405
