event_sleeping:
  end: 1690394980.305666
  start: 1690394980.3056307
