event_sleeping:
  end: 1690394980.1379817
  start: 1690394980.1379673
