event_sleeping:
  end: 1690394980.2013888
  start: 1690394980.2013714
