event_sleeping:
  end: 1690394980.132145
  start: 1690394980.1321316
