event_sleeping:
  end: 1690394980.138345
  start: 1690394980.1383255
