event_sleeping:
  end: 1690394980.1305873
  start: 1690394980.1300483
