event_sleeping:
  end: 1690394980.1305082
  start: 1690394980.130494
