event_sleeping:
  end: 1690394980.3926067
  start: 1690394980.3925726
