event_sleeping:
  end: 1690394980.323957
  start: 1690394980.32395
