event_sleeping:
  end: 1690394980.2409344
  start: 1690394980.2409203
