event_sleeping:
  end: 1690394980.3582752
  start: 1690394980.3582597
