event_sleeping:
  end: 1690394980.413838
  start: 1690394980.413823
