event_sleeping:
  end: 1690394980.288409
  start: 1690394980.2883933
