event_sleeping:
  end: 1690394980.20091
  start: 1690394980.2008743
