event_sleeping:
  end: 1690394980.1351345
  start: 1690394980.1351209
