event_sleeping:
  end: 1690394980.1316376
  start: 1690394980.1316237
