event_sleeping:
  end: 1690394980.2868268
  start: 1690394980.2867968
