event_sleeping:
  end: 1690394980.3593862
  start: 1690394980.3593686
