event_sleeping:
  end: 1690394980.3797565
  start: 1690394980.3797417
