event_sleeping:
  end: 1690394980.1388922
  start: 1690394980.1388793
