event_sleeping:
  end: 1690628739.657514
  start: 1690628739.6574924
