event_uptime:
  end: 1690628807.3286252
  start: 1690628739.6599026
