event_sleeping:
  end: 1690628739.957995
  start: 1690628739.9579813
