event_uptime:
  end: 1690629143.6915026
  start: 1690628739.9344118
