event_uptime:
  end: 1690629143.5902672
  start: 1690628739.6653254
