event_sleeping:
  end: 1690628739.825906
  start: 1690628739.8258843
