event_uptime:
  end: 1690629143.5383809
  start: 1690628739.66553
