event_uptime:
  end: 1690629143.5980656
  start: 1690628739.9274087
