event_uptime:
  end: 1690629143.5820062
  start: 1690628739.7872982
