event_sleeping:
  end: 1690628739.6579628
  start: 1690628739.6579306
