event_uptime:
  end: 1690629143.659965
  start: 1690628739.8471012
