event_sleeping:
  end: 1690628740.0049303
  start: 1690628740.0049164
