event_uptime:
  end: 1690629143.6794496
  start: 1690628739.6654258
