event_sleeping:
  end: 1690628739.659874
  start: 1690628739.6598587
