event_sleeping:
  end: 1690628739.931159
  start: 1690628739.9311464
