event_sleeping:
  end: 1690628739.7844777
  start: 1690628739.7844567
