event_sleeping:
  end: 1690628739.6607544
  start: 1690628739.6607318
