event_sleeping:
  end: 1690628739.8931272
  start: 1690628739.8930726
