event_uptime:
  end: 1690629143.618294
  start: 1690628739.9807763
