event_uptime:
  end: 1690629143.6380146
  start: 1690628739.9594119
