event_sleeping:
  end: 1690628739.956322
  start: 1690628739.9563062
