event_uptime:
  end: 1690629143.5545094
  start: 1690628740.0923862
