event_sleeping:
  end: 1690628739.9339263
  start: 1690628739.9339137
