event_sleeping:
  end: 1690628739.6612835
  start: 1690628739.6612692
