event_uptime:
  end: 1690629279.7622106
  start: 1690628739.9732516
