event_sleeping:
  end: 1690628739.9314063
  start: 1690628739.931391
