event_uptime:
  end: 1690629279.7139816
  start: 1690628739.8658113
