event_sleeping:
  end: 1690628739.6660447
  start: 1690628739.6660323
