event_uptime:
  end: 1690629279.607277
  start: 1690628739.6643932
