event_uptime:
  end: 1690629279.6466055
  start: 1690628740.001895
