event_sleeping:
  end: 1690628739.8490689
  start: 1690628739.8490493
