event_uptime:
  end: 1690629279.69521
  start: 1690628739.8746657
