event_uptime:
  end: 1690629279.6217537
  start: 1690628739.6680632
