event_uptime:
  end: 1690629279.7340765
  start: 1690628739.9546015
