event_sleeping:
  end: 1690628739.6684031
  start: 1690628739.6683893
