event_uptime:
  end: 1690629279.7024283
  start: 1690628739.6656158
