event_uptime:
  end: 1690629279.674748
  start: 1690628739.956894
