event_sleeping:
  end: 1690628739.8460937
  start: 1690628739.8460767
