event_sleeping:
  end: 1690628739.9566672
  start: 1690628739.9566526
