event_sleeping:
  end: 1690628739.658352
  start: 1690628739.6583307
