event_uptime:
  end: 1690629279.6462872
  start: 1690628739.6892653
