event_sleeping:
  end: 1690628739.980274
  start: 1690628739.9802601
