event_sleeping:
  end: 1690628739.9333036
  start: 1690628739.933289
