event_uptime:
  end: 1690629042.8704145
  start: 1690628739.714426
