event_sleeping:
  end: 1690628739.957307
  start: 1690628739.9572928
