event_uptime:
  end: 1690629042.9138453
  start: 1690628739.9566958
