event_uptime:
  end: 1690629042.9277909
  start: 1690628739.6663878
