event_uptime:
  end: 1690629042.9511366
  start: 1690628739.9816062
