event_sleeping:
  end: 1690628739.669983
  start: 1690628739.669969
