event_uptime:
  end: 1690629042.846142
  start: 1690628739.8747933
