event_sleeping:
  end: 1690628739.667522
  start: 1690628739.667502
