event_sleeping:
  end: 1690628739.9309032
  start: 1690628739.9308856
