event_uptime:
  end: 1690629042.8262086
  start: 1690628739.6664908
