event_sleeping:
  end: 1690628739.696267
  start: 1690628739.6962514
