event_sleeping:
  end: 1690628739.9818969
  start: 1690628739.9818804
