event_uptime:
  end: 1690629042.8937984
  start: 1690628739.933379
