event_uptime:
  end: 1690629042.8241653
  start: 1690628739.6924639
