event_sleeping:
  end: 1690628739.6619797
  start: 1690628739.6619618
