event_sleeping:
  end: 1690628739.8485715
  start: 1690628739.8485575
