event_uptime:
  end: 1690629042.939328
  start: 1690628739.7423034
