event_uptime:
  end: 1690629042.7864883
  start: 1690628740.0045815
