event_sleeping:
  end: 1690628739.6627095
  start: 1690628739.6626954
