event_sleeping:
  end: 1690407836.817176
  start: 1690407836.817164
