event_sleeping:
  end: 1690407836.909054
  start: 1690407836.909016
