event_sleeping:
  end: 1690407836.8205924
  start: 1690407836.8205755
