event_sleeping:
  end: 1690407836.858933
  start: 1690407836.8588636
