event_sleeping:
  end: 1690407836.8172243
  start: 1690407836.8168159
