event_sleeping:
  end: 1690407836.8183959
  start: 1690407836.8183832
