event_sleeping:
  end: 1690407836.9081376
  start: 1690407836.908092
