event_sleeping:
  end: 1690407836.8213792
  start: 1690407836.8213649
