event_sleeping:
  end: 1690407836.9134483
  start: 1690407836.9134285
