event_sleeping:
  end: 1690407836.9132285
  start: 1690407836.9122043
