event_sleeping:
  end: 1690407836.8211823
  start: 1690407836.8211634
