event_sleeping:
  end: 1690637882.2945027
  start: 1690637882.2944963
