event_uptime:
  end: 1690637953.8368542
  start: 1690637882.3223639
