event_sleeping:
  end: 1690637882.2943308
  start: 1690637882.2943246
