event_uptime:
  end: 1690638305.2930496
  start: 1690637882.3165612
