event_sleeping:
  end: 1690637882.294675
  start: 1690637882.294668
