event_uptime:
  end: 1690638441.412911
  start: 1690637882.3220375
