event_sleeping:
  end: 1690637882.294127
  start: 1690637882.2941198
