event_uptime:
  end: 1690638200.7954361
  start: 1690637882.2962475
