event_sleeping:
  end: 1690394631.9473403
  start: 1690394631.9473214
