event_sleeping:
  end: 1690394632.0245402
  start: 1690394632.024506
