event_sleeping:
  end: 1690394632.1979072
  start: 1690394632.1978872
