event_sleeping:
  end: 1690394631.950891
  start: 1690394631.9508774
