event_sleeping:
  end: 1690394632.1046655
  start: 1690394632.104653
