event_sleeping:
  end: 1690394632.0985403
  start: 1690394632.0985105
