event_sleeping:
  end: 1690394632.185676
  start: 1690394632.1856656
