event_sleeping:
  end: 1690394631.943258
  start: 1690394631.943246
