event_sleeping:
  end: 1690394631.9430802
  start: 1690394631.9430664
