event_sleeping:
  end: 1690394632.0080576
  start: 1690394632.008039
