event_sleeping:
  end: 1690394631.9482565
  start: 1690394631.948232
