event_sleeping:
  end: 1690394632.1223698
  start: 1690394632.1223536
