event_sleeping:
  end: 1690394632.0253627
  start: 1690394632.0253472
