event_sleeping:
  end: 1690394631.9495325
  start: 1690394631.9495153
