event_sleeping:
  end: 1690394631.94227
  start: 1690394631.9422548
