event_sleeping:
  end: 1690394632.218149
  start: 1690394632.2181337
