event_sleeping:
  end: 1690394631.9446974
  start: 1690394631.9446821
