event_sleeping:
  end: 1690394631.9544852
  start: 1690394631.9544706
