event_sleeping:
  end: 1690394632.2507348
  start: 1690394632.25072
