event_sleeping:
  end: 1690394632.153604
  start: 1690394632.153589
