event_sleeping:
  end: 1690394632.1042268
  start: 1690394632.1042092
