event_sleeping:
  end: 1690394632.2326095
  start: 1690394632.232593
