event_sleeping:
  end: 1690394632.0555162
  start: 1690394632.0554993
