event_sleeping:
  end: 1690394632.1399038
  start: 1690394632.13989
