event_sleeping:
  end: 1690394631.9480078
  start: 1690394631.9479938
