event_sleeping:
  end: 1690394631.9538064
  start: 1690394631.9537868
