event_sleeping:
  end: 1690594383.9035861
  start: 1690594383.9034631
