event_sleeping:
  end: 1690594384.0494382
  start: 1690594384.049421
