event_sleeping:
  end: 1690594384.027592
  start: 1690594384.0275753
