event_sleeping:
  end: 1690594384.2073033
  start: 1690594384.2072866
