event_sleeping:
  end: 1690594383.907228
  start: 1690594383.9072125
