event_sleeping:
  end: 1690594384.1465487
  start: 1690594384.1465356
