event_sleeping:
  end: 1690594384.142254
  start: 1690594384.142229
