event_sleeping:
  end: 1690594384.1246736
  start: 1690594384.1246574
