event_sleeping:
  end: 1690594383.9101279
  start: 1690594383.9101133
