event_sleeping:
  end: 1690594383.951432
  start: 1690594383.9514124
