event_sleeping:
  end: 1690594384.0324275
  start: 1690594384.032407
