event_sleeping:
  end: 1690594384.0741987
  start: 1690594384.0741847
