event_sleeping:
  end: 1690594384.0913298
  start: 1690594384.0913165
