event_sleeping:
  end: 1690594383.952282
  start: 1690594383.9518466
