event_sleeping:
  end: 1690594383.9089708
  start: 1690594383.9089577
