event_sleeping:
  end: 1690594383.916646
  start: 1690594383.9166188
