event_sleeping:
  end: 1690594383.9113753
  start: 1690594383.9113634
