event_sleeping:
  end: 1690594384.206187
  start: 1690594384.2061746
