event_sleeping:
  end: 1690594383.911825
  start: 1690594383.9111598
