event_sleeping:
  end: 1690594384.1397088
  start: 1690594384.1396918
