event_sleeping:
  end: 1690594384.093414
  start: 1690594384.093392
