event_sleeping:
  end: 1690594384.0543664
  start: 1690594384.054352
