event_sleeping:
  end: 1690594384.0321274
  start: 1690594384.0321128
