event_sleeping:
  end: 1690594383.9116464
  start: 1690594383.911261
