event_sleeping:
  end: 1690594384.1723633
  start: 1690594384.1723492
