event_sleeping:
  end: 1690594384.0536501
  start: 1690594384.0536368
