event_sleeping:
  end: 1690594384.0899749
  start: 1690594384.0899599
