event_sleeping:
  end: 1690594383.9718015
  start: 1690594383.971781
