event_sleeping:
  end: 1690594384.1462977
  start: 1690594384.1462831
