event_sleeping:
  end: 1690594383.9664233
  start: 1690594383.9663923
