event_sleeping:
  end: 1690594383.948823
  start: 1690594383.948809
