event_sleeping:
  end: 1690594383.9047506
  start: 1690594383.9047382
