event_sleeping:
  end: 1690470965.186521
  start: 1690470965.1865063
