event_uptime:
  end: 1690471077.0599613
  start: 1690470965.1912637
