event_sleeping:
  end: 1690470965.3536627
  start: 1690470965.3536484
