event_uptime:
  end: 1690471101.0637312
  start: 1690470965.3727868
