event_uptime:
  end: 1690471083.2914975
  start: 1690470965.3917906
