event_uptime:
  end: 1690471075.493475
  start: 1690470965.4088252
