event_sleeping:
  end: 1690470965.3927984
  start: 1690470965.392784
