event_uptime:
  end: 1690471071.1082613
  start: 1690470965.1910522
