event_sleeping:
  end: 1690470965.1882691
  start: 1690470965.1882565
