event_sleeping:
  end: 1690470965.3724506
  start: 1690470965.372438
