event_sleeping:
  end: 1690470965.3546932
  start: 1690470965.3546786
