event_uptime:
  end: 1690471073.3199658
  start: 1690470965.4247146
