event_sleeping:
  end: 1690470965.4082778
  start: 1690470965.408261
