event_uptime:
  end: 1690471094.1546307
  start: 1690470965.3896427
