event_sleeping:
  end: 1690470965.1906526
  start: 1690470965.1906006
