event_uptime:
  end: 1690471080.8043003
  start: 1690470965.2152448
