event_uptime:
  end: 1690471074.0031633
  start: 1690470965.216946
