event_sleeping:
  end: 1690470965.1919186
  start: 1690470965.1919065
