event_sleeping:
  end: 1690470965.2098906
  start: 1690470965.2098322
