event_uptime:
  end: 1690471120.4690988
  start: 1690470965.2319415
