event_uptime:
  end: 1690471068.6715276
  start: 1690470965.305429
