event_sleeping:
  end: 1690470965.2685063
  start: 1690470965.2684872
