event_sleeping:
  end: 1690470965.3210242
  start: 1690470965.3209772
