event_uptime:
  end: 1690471073.962954
  start: 1690470965.3297276
