event_sleeping:
  end: 1690470965.3267732
  start: 1690470965.3267548
