event_uptime:
  end: 1690471077.8123865
  start: 1690470965.3310444
