event_uptime:
  end: 1690471068.389223
  start: 1690470965.3314438
