event_sleeping:
  end: 1690470965.32658
  start: 1690470965.3265624
