event_sleeping:
  end: 1690470965.349265
  start: 1690470965.3492298
