event_uptime:
  end: 1690471093.0921807
  start: 1690470965.3541996
