event_sleeping:
  end: 1690470965.186356
  start: 1690470965.1863432
