event_uptime:
  end: 1690471005.191422
  start: 1690470965.1885884
