event_uptime:
  end: 1690471032.844824
  start: 1690470965.191367
