event_sleeping:
  end: 1690470965.187216
  start: 1690470965.1872032
