event_uptime:
  end: 1690584667.4522936
  start: 1690584557.0676146
