event_sleeping:
  end: 1690584557.0492325
  start: 1690584557.049226
