event_sleeping:
  end: 1690584557.0489986
  start: 1690584557.0489912
