event_uptime:
  end: 1690584597.0717618
  start: 1690584557.0516639
