event_uptime:
  end: 1690584622.840006
  start: 1690584557.06424
