event_sleeping:
  end: 1690584557.04958
  start: 1690584557.0495608
