event_sleeping:
  end: 1690330095.8727624
  start: 1690330095.8727586
