event_sleeping:
  end: 1690330095.8725655
  start: 1690330095.8725538
