event_sleeping:
  end: 1690330095.872357
  start: 1690330095.8723533
