event_sleeping:
  end: 1690330095.8729098
  start: 1690330095.8729062
