event_sleeping:
  end: 1690330095.8750064
  start: 1690330095.8750029
