event_sleeping:
  end: 1690330095.8734322
  start: 1690330095.873428
