event_sleeping:
  end: 1690603726.8093295
  start: 1690603726.8093154
