event_uptime:
  end: 1690603838.8630164
  start: 1690603726.8110657
