event_sleeping:
  end: 1690603726.8059788
  start: 1690603726.8059642
