event_uptime:
  end: 1690603855.6764743
  start: 1690603726.973135
