event_uptime:
  end: 1690603844.9455285
  start: 1690603726.992515
