event_uptime:
  end: 1690603834.847783
  start: 1690603727.0249236
