event_sleeping:
  end: 1690603726.972584
  start: 1690603726.9725478
