event_uptime:
  end: 1690603837.2551687
  start: 1690603726.9764755
