event_sleeping:
  end: 1690603726.9881468
  start: 1690603726.9880967
