event_sleeping:
  end: 1690603726.9388323
  start: 1690603726.938814
