event_uptime:
  end: 1690603832.491977
  start: 1690603726.8098416
