event_sleeping:
  end: 1690603726.9590592
  start: 1690603726.9590385
