event_sleeping:
  end: 1690603726.9924066
  start: 1690603726.9923937
