event_uptime:
  end: 1690603862.7054117
  start: 1690603726.9553442
