event_uptime:
  end: 1690603842.4670012
  start: 1690603726.8523853
