event_sleeping:
  end: 1690603726.8085496
  start: 1690603726.8085356
