event_uptime:
  end: 1690603835.6296117
  start: 1690603726.8487043
