event_sleeping:
  end: 1690603726.8105805
  start: 1690603726.8105638
