event_uptime:
  end: 1690603882.1840448
  start: 1690603726.8671277
