event_sleeping:
  end: 1690603726.8115072
  start: 1690603726.8114896
