event_sleeping:
  end: 1690603726.8532712
  start: 1690603726.8532534
