event_sleeping:
  end: 1690603726.8890212
  start: 1690603726.8890066
