event_uptime:
  end: 1690603835.8262196
  start: 1690603726.9200103
