event_sleeping:
  end: 1690603726.884383
  start: 1690603726.8843544
