event_uptime:
  end: 1690603839.5112119
  start: 1690603726.889333
