event_sleeping:
  end: 1690603726.9385455
  start: 1690603726.9385254
