event_uptime:
  end: 1690603829.8833401
  start: 1690603726.959113
