event_sleeping:
  end: 1690603726.9382935
  start: 1690603726.93828
