event_uptime:
  end: 1690603854.6207435
  start: 1690603726.9604206
