event_sleeping:
  end: 1690603726.8046076
  start: 1690603726.8045945
