event_uptime:
  end: 1690603766.8393643
  start: 1690603726.8090806
