event_uptime:
  end: 1690603794.5001056
  start: 1690603726.8085744
