event_sleeping:
  end: 1690603726.8056996
  start: 1690603726.8056867
