event_sleeping:
  end: 1690571792.8266838
  start: 1690571792.8266711
