event_uptime:
  end: 1690571904.3261542
  start: 1690571792.8309243
