event_uptime:
  end: 1690571898.1554503
  start: 1690571792.833084
