event_sleeping:
  end: 1690571792.8314462
  start: 1690571792.8314304
