event_sleeping:
  end: 1690571792.8271608
  start: 1690571792.8271468
