event_uptime:
  end: 1690571908.0885022
  start: 1690571792.832664
