event_uptime:
  end: 1690571901.2069051
  start: 1690571792.9306927
