event_sleeping:
  end: 1690571792.9120169
  start: 1690571792.9120016
