event_sleeping:
  end: 1690571792.8284016
  start: 1690571792.8283904
