event_uptime:
  end: 1690571947.8044538
  start: 1690571792.832355
