event_uptime:
  end: 1690571895.8241663
  start: 1690571792.8581517
