event_sleeping:
  end: 1690571792.833257
  start: 1690571792.833239
