event_sleeping:
  end: 1690571792.9305468
  start: 1690571792.9305317
