event_uptime:
  end: 1690571901.1832654
  start: 1690571792.9331353
