event_uptime:
  end: 1690571905.0162559
  start: 1690571792.972138
