event_sleeping:
  end: 1690571792.9333992
  start: 1690571792.933386
