event_uptime:
  end: 1690571895.404307
  start: 1690571793.0498345
