event_sleeping:
  end: 1690571792.970631
  start: 1690571792.9705958
