event_sleeping:
  end: 1690571792.9741435
  start: 1690571792.97413
