event_uptime:
  end: 1690571920.051789
  start: 1690571793.0311642
