event_uptime:
  end: 1690571832.9441109
  start: 1690571792.83288
