event_sleeping:
  end: 1690571792.825797
  start: 1690571792.8257785
