event_uptime:
  end: 1690571859.8516273
  start: 1690571792.8312075
