event_sleeping:
  end: 1690571792.8259697
  start: 1690571792.8259175
