event_sleeping:
  end: 1690305329.2185035
  start: 1690305329.2184982
