event_sleeping:
  end: 1690305329.1904647
  start: 1690305329.190463
