event_sleeping:
  end: 1690305329.210578
  start: 1690305329.210574
