event_sleeping:
  end: 1690305329.1932528
  start: 1690305329.1932507
