event_sleeping:
  end: 1690305329.2022352
  start: 1690305329.2022314
