event_sleeping:
  end: 1690305329.2215636
  start: 1690305329.2215593
