event_sleeping:
  end: 1690305329.2010028
  start: 1690305329.2009985
