event_sleeping:
  end: 1690305329.201704
  start: 1690305329.2016985
