event_sleeping:
  end: 1690305329.2090316
  start: 1690305329.2090204
