event_sleeping:
  end: 1690305329.1901827
  start: 1690305329.1901805
