event_sleeping:
  end: 1690305329.1882713
  start: 1690305329.1882687
