event_sleeping:
  end: 1690305329.1980124
  start: 1690305329.1980073
