event_sleeping:
  end: 1690305329.202313
  start: 1690305329.202309
