event_sleeping:
  end: 1690305329.2124143
  start: 1690305329.2124069
