event_sleeping:
  end: 1690305329.2224777
  start: 1690305329.2224736
