event_sleeping:
  end: 1690305329.1907535
  start: 1690305329.1907518
