event_sleeping:
  end: 1690305329.193107
  start: 1690305329.1931052
