event_sleeping:
  end: 1690305329.216671
  start: 1690305329.2166615
