event_sleeping:
  end: 1690305329.2257974
  start: 1690305329.2257931
