event_sleeping:
  end: 1690305329.2225873
  start: 1690305329.2225833
