event_sleeping:
  end: 1690305329.2046366
  start: 1690305329.204628
