event_sleeping:
  end: 1690305329.2021594
  start: 1690305329.2021554
