event_sleeping:
  end: 1690305329.2104912
  start: 1690305329.2104871
