event_sleeping:
  end: 1690305329.2269669
  start: 1690305329.2269628
