event_sleeping:
  end: 1690305329.2182367
  start: 1690305329.2182343
