event_sleeping:
  end: 1690305329.210348
  start: 1690305329.2103434
