event_sleeping:
  end: 1690304856.5709193
  start: 1690304856.5709107
