event_sleeping:
  end: 1690304856.581244
  start: 1690304856.5812325
