event_sleeping:
  end: 1690304856.66142
  start: 1690304856.6614156
