event_sleeping:
  end: 1690304856.5880945
  start: 1690304856.5880904
