event_sleeping:
  end: 1690304856.6086345
  start: 1690304856.60863
