event_sleeping:
  end: 1690304856.5499575
  start: 1690304856.5499537
