event_sleeping:
  end: 1690304856.6127925
  start: 1690304856.6127877
