event_sleeping:
  end: 1690304856.6366067
  start: 1690304856.6366022
