event_sleeping:
  end: 1690304856.6406968
  start: 1690304856.6406927
