event_sleeping:
  end: 1690304856.5808675
  start: 1690304856.5808606
