event_sleeping:
  end: 1690304856.598816
  start: 1690304856.598814
