event_sleeping:
  end: 1690304856.650377
  start: 1690304856.6503725
