event_sleeping:
  end: 1690304856.553383
  start: 1690304856.5533795
