event_sleeping:
  end: 1690304856.5877097
  start: 1690304856.5877056
