event_sleeping:
  end: 1690304856.6367831
  start: 1690304856.6367788
