event_sleeping:
  end: 1690304856.63219
  start: 1690304856.6321836
