event_sleeping:
  end: 1690304856.598736
  start: 1690304856.5987322
