event_sleeping:
  end: 1690304856.6264045
  start: 1690304856.626401
