event_sleeping:
  end: 1690304856.5498328
  start: 1690304856.5498285
