event_sleeping:
  end: 1690304856.5511427
  start: 1690304856.5511386
