event_sleeping:
  end: 1690304856.6186688
  start: 1690304856.6186645
