event_sleeping:
  end: 1690304856.5956576
  start: 1690304856.5956514
