event_sleeping:
  end: 1690304856.5815966
  start: 1690304856.5815918
