event_sleeping:
  end: 1690304856.5669138
  start: 1690304856.5669096
