event_sleeping:
  end: 1690304856.636913
  start: 1690304856.6369078
