event_sleeping:
  end: 1690304856.6501179
  start: 1690304856.6501107
