event_sleeping:
  end: 1690304856.601657
  start: 1690304856.601641
