event_sleeping:
  end: 1690304856.5495245
  start: 1690304856.5495205
