event_sleeping:
  end: 1690304856.630199
  start: 1690304856.6301951
