event_sleeping:
  end: 1690304856.6735823
  start: 1690304856.6735778
