event_sleeping:
  end: 1690304856.6279974
  start: 1690304856.6279933
