event_sleeping:
  end: 1690304856.6289725
  start: 1690304856.6289685
