event_sleeping:
  end: 1690304856.57875
  start: 1690304856.5787437
