event_sleeping:
  end: 1690304856.587404
  start: 1690304856.5873997
