event_sleeping:
  end: 1690304856.598493
  start: 1690304856.5984895
