event_sleeping:
  end: 1690304856.6504743
  start: 1690304856.6504688
