event_sleeping:
  end: 1690304856.6458724
  start: 1690304856.645868
