event_sleeping:
  end: 1690304856.6459572
  start: 1690304856.6459522
