event_sleeping:
  end: 1690304856.6061523
  start: 1690304856.606144
