event_sleeping:
  end: 1690304856.562828
  start: 1690304856.5628188
