event_sleeping:
  end: 1690304856.6396263
  start: 1690304856.6396217
