event_sleeping:
  end: 1690304856.5522428
  start: 1690304856.552239
