event_sleeping:
  end: 1690304856.6451101
  start: 1690304856.6451058
