event_sleeping:
  end: 1690304856.6441953
  start: 1690304856.6441872
