event_sleeping:
  end: 1690304856.5902448
  start: 1690304856.5902379
