event_sleeping:
  end: 1690304856.6141243
  start: 1690304856.61412
