event_sleeping:
  end: 1690304856.6038437
  start: 1690304856.6038396
