event_sleeping:
  end: 1690304856.5842688
  start: 1690304856.5842626
