event_sleeping:
  end: 1690581229.1604984
  start: 1690581229.160491
