event_uptime:
  end: 1690581297.8478682
  start: 1690581229.1774213
