event_sleeping:
  end: 1690581229.1602068
  start: 1690581229.1600595
