event_uptime:
  end: 1690581287.546745
  start: 1690581229.163128
