event_uptime:
  end: 1690581241.2150426
  start: 1690581229.1815772
