event_sleeping:
  end: 1690581229.160339
  start: 1690581229.1603267
