event_uptime:
  end: 1690581260.8715992
  start: 1690581229.1629596
