event_sleeping:
  end: 1690581229.1598947
  start: 1690581229.1598794
