event_sleeping:
  end: 1690596407.8813734
  start: 1690596407.8813636
