event_sleeping:
  end: 1690596407.8815613
  start: 1690596407.881552
