event_sleeping:
  end: 1690596407.8819537
  start: 1690596407.8819463
