event_sleeping:
  end: 1690596407.8817627
  start: 1690596407.8817556
