event_sleeping:
  end: 1690327220.4634087
  start: 1690327220.463405
