event_uptime:
  end: 1690327287.3953414
  start: 1690327220.46478
