event_sleeping:
  end: 1690327220.4655397
  start: 1690327220.4655356
