event_sleeping:
  end: 1690327220.4824858
  start: 1690327220.4824777
