event_sleeping:
  end: 1690327220.4886525
  start: 1690327220.4886482
