event_uptime:
  end: 1690327623.757522
  start: 1690327220.4931653
