event_uptime:
  end: 1690327623.7428765
  start: 1690327220.4686444
