event_sleeping:
  end: 1690327220.4665563
  start: 1690327220.4665527
