event_sleeping:
  end: 1690327220.4732478
  start: 1690327220.473244
