event_uptime:
  end: 1690327623.7820268
  start: 1690327220.476361
