event_uptime:
  end: 1690327623.7488165
  start: 1690327220.485811
