event_uptime:
  end: 1690327623.7828968
  start: 1690327220.4683113
