event_uptime:
  end: 1690327759.837061
  start: 1690327220.4796393
