event_uptime:
  end: 1690327759.8501754
  start: 1690327220.4958377
