event_sleeping:
  end: 1690327220.4895518
  start: 1690327220.4895477
