event_uptime:
  end: 1690327759.8570344
  start: 1690327220.4676018
