event_sleeping:
  end: 1690327220.4640255
  start: 1690327220.4640217
