event_sleeping:
  end: 1690327220.4647696
  start: 1690327220.4647655
