event_uptime:
  end: 1690327759.8338203
  start: 1690327220.4660769
