event_sleeping:
  end: 1690327220.476856
  start: 1690327220.476848
