event_uptime:
  end: 1690327522.9758172
  start: 1690327220.4742153
