event_sleeping:
  end: 1690327220.4692018
  start: 1690327220.4691975
