event_uptime:
  end: 1690327522.9862394
  start: 1690327220.4736326
