event_sleeping:
  end: 1690327220.4727442
  start: 1690327220.47274
