event_sleeping:
  end: 1690327220.4637182
  start: 1690327220.4637144
