event_sleeping:
  end: 1690327220.4681587
  start: 1690327220.4681547
