event_uptime:
  end: 1690327523.0010967
  start: 1690327220.4905646
