event_sleeping:
  end: 1690327220.4862592
  start: 1690327220.4862537
