event_uptime:
  end: 1690327522.9822755
  start: 1690327220.471219
