event_uptime:
  end: 1690327522.9881072
  start: 1690327220.4675283
