event_sleeping:
  end: 1690540266.044436
  start: 1690540266.0444233
