event_sleeping:
  end: 1690540265.9157295
  start: 1690540265.915717
