event_sleeping:
  end: 1690540266.1125596
  start: 1690540266.1125464
