event_sleeping:
  end: 1690540265.5996675
  start: 1690540265.5996504
