event_sleeping:
  end: 1690540266.320267
  start: 1690540266.3202536
