event_sleeping:
  end: 1690540265.7064805
  start: 1690540265.7064543
