event_sleeping:
  end: 1690540266.4100633
  start: 1690540266.4100099
