event_sleeping:
  end: 1690540265.810969
  start: 1690540265.8109546
