event_sleeping:
  end: 1690540266.3865027
  start: 1690540266.3864872
