event_sleeping:
  end: 1690540266.1786783
  start: 1690540266.1786644
