event_sleeping:
  end: 1690540265.6069894
  start: 1690540265.606959
