event_sleeping:
  end: 1690540266.1380687
  start: 1690540266.1380546
