event_sleeping:
  end: 1690540265.8895369
  start: 1690540265.8895237
