event_sleeping:
  end: 1690540265.888601
  start: 1690540265.8885882
