event_sleeping:
  end: 1690540266.0383725
  start: 1690540266.0383344
