event_sleeping:
  end: 1690540265.8838103
  start: 1690540265.8837936
