event_sleeping:
  end: 1690540266.388597
  start: 1690540266.3885827
