event_sleeping:
  end: 1690540265.9152868
  start: 1690540265.9152734
