event_sleeping:
  end: 1690540266.3916767
  start: 1690540266.3916633
