event_sleeping:
  end: 1690540265.6045442
  start: 1690540265.6045113
