event_sleeping:
  end: 1690540266.2172635
  start: 1690540266.2172475
