event_sleeping:
  end: 1690540265.636852
  start: 1690540265.6368392
