event_sleeping:
  end: 1690540266.0437667
  start: 1690540266.043752
