event_sleeping:
  end: 1690540265.6014388
  start: 1690540265.6014261
