event_sleeping:
  end: 1690540265.776872
  start: 1690540265.7768528
