event_sleeping:
  end: 1690540265.972004
  start: 1690540265.971992
