event_sleeping:
  end: 1690540266.0914087
  start: 1690540266.0913954
