event_sleeping:
  end: 1690540266.1136155
  start: 1690540266.1136022
