event_sleeping:
  end: 1690540266.2969275
  start: 1690540266.2969105
