event_sleeping:
  end: 1690540265.8592072
  start: 1690540265.8591938
