event_sleeping:
  end: 1690540266.2399902
  start: 1690540266.239976
