event_sleeping:
  end: 1690540266.3928683
  start: 1690540266.392856
