event_sleeping:
  end: 1690540266.2365434
  start: 1690540266.220579
