event_sleeping:
  end: 1690540265.6031408
  start: 1690540265.6031277
