event_sleeping:
  end: 1690540265.599109
  start: 1690540265.599094
