event_sleeping:
  end: 1690540266.389008
  start: 1690540266.3889923
