event_sleeping:
  end: 1690540266.0917892
  start: 1690540266.0917742
