event_sleeping:
  end: 1690540265.8136077
  start: 1690540265.8135943
