event_sleeping:
  end: 1690540266.0446842
  start: 1690540266.0446699
