event_sleeping:
  end: 1690540265.888067
  start: 1690540265.8880548
