event_sleeping:
  end: 1690540265.970158
  start: 1690540265.9701445
