event_sleeping:
  end: 1690540266.3214092
  start: 1690540266.3213923
