event_sleeping:
  end: 1690540266.0427365
  start: 1690540266.0426948
