event_sleeping:
  end: 1690540265.7476027
  start: 1690540265.7475886
