event_sleeping:
  end: 1690540265.5999634
  start: 1690540265.59995
