event_sleeping:
  end: 1690540265.8899298
  start: 1690540265.889916
