event_sleeping:
  end: 1690540266.3251154
  start: 1690540266.3250995
