event_sleeping:
  end: 1690540266.0704496
  start: 1690540266.0694513
