event_sleeping:
  end: 1690540266.2811458
  start: 1690540266.281129
