event_sleeping:
  end: 1690540265.8831148
  start: 1690540265.8831007
