event_sleeping:
  end: 1690540265.9436557
  start: 1690540265.9436421
