event_sleeping:
  end: 1690540266.440844
  start: 1690540266.4408295
