event_sleeping:
  end: 1690540266.3921728
  start: 1690540266.392157
