event_sleeping:
  end: 1690540266.1744432
  start: 1690540266.17442
