event_sleeping:
  end: 1690540265.6087499
  start: 1690540265.6087308
