event_sleeping:
  end: 1690540265.6361406
  start: 1690540265.6361258
