event_sleeping:
  end: 1690540266.133624
  start: 1690540266.1336095
