event_sleeping:
  end: 1690540265.9147184
  start: 1690540265.9147022
