event_sleeping:
  end: 1690540265.776063
  start: 1690540265.7760487
