event_sleeping:
  end: 1690540266.043411
  start: 1690540266.0433779
