event_sleeping:
  end: 1690540265.8576214
  start: 1690540265.8576074
