event_sleeping:
  end: 1690540266.15751
  start: 1690540266.1574948
