event_sleeping:
  end: 1690540266.3237796
  start: 1690540266.3237658
