event_sleeping:
  end: 1690540266.414352
  start: 1690540266.4143376
