event_sleeping:
  end: 1690540265.7541807
  start: 1690540265.7541683
