event_sleeping:
  end: 1690540265.8610318
  start: 1690540265.8610165
