event_sleeping:
  end: 1690540265.6057336
  start: 1690540265.6057184
