event_sleeping:
  end: 1690540265.838359
  start: 1690540265.8383458
