event_sleeping:
  end: 1690540266.1137836
  start: 1690540266.1137712
