event_sleeping:
  end: 1690540266.0860093
  start: 1690540266.0859814
