event_sleeping:
  end: 1690540265.9643662
  start: 1690540265.9643505
