event_sleeping:
  end: 1690540265.8902054
  start: 1690540265.890193
