event_sleeping:
  end: 1690540266.4172866
  start: 1690540266.417274
