event_sleeping:
  end: 1690540266.2978656
  start: 1690540266.2978404
