event_sleeping:
  end: 1690540266.042496
  start: 1690540266.0424817
