event_sleeping:
  end: 1690540265.6042573
  start: 1690540265.604227
