event_sleeping:
  end: 1690566661.8768787
  start: 1690566661.876864
