event_uptime:
  end: 1690566728.5521863
  start: 1690566661.879607
