event_sleeping:
  end: 1690566661.875955
  start: 1690566661.875932
