event_uptime:
  end: 1690567064.8961256
  start: 1690566661.8766284
