event_sleeping:
  end: 1690566661.874202
  start: 1690566661.8741705
