event_uptime:
  end: 1690567064.9068549
  start: 1690566661.8792078
