event_uptime:
  end: 1690567201.0168097
  start: 1690566661.9183466
