event_sleeping:
  end: 1690566661.8737907
  start: 1690566661.8737621
