event_sleeping:
  end: 1690566661.8789551
  start: 1690566661.878927
