event_uptime:
  end: 1690567201.046563
  start: 1690566661.876277
