event_sleeping:
  end: 1690566661.8765514
  start: 1690566661.8765364
