event_uptime:
  end: 1690566964.1592536
  start: 1690566661.9136524
