event_uptime:
  end: 1690566964.1732411
  start: 1690566661.8794837
