event_sleeping:
  end: 1690566661.876238
  start: 1690566661.8761723
