event_sleeping:
  end: 1690489119.543033
  start: 1690489119.543016
