event_uptime:
  end: 1690489192.9448638
  start: 1690489119.5466506
