event_uptime:
  end: 1690489544.1085122
  start: 1690489119.7668526
