event_sleeping:
  end: 1690489119.8629422
  start: 1690489119.8629284
