event_uptime:
  end: 1690489544.130511
  start: 1690489119.9130478
