event_uptime:
  end: 1690489544.1984138
  start: 1690489119.6457462
