event_sleeping:
  end: 1690489119.55375
  start: 1690489119.5537198
