event_sleeping:
  end: 1690489119.6208186
  start: 1690489119.6208012
