event_sleeping:
  end: 1690489119.9129615
  start: 1690489119.9129474
