event_sleeping:
  end: 1690489119.7970035
  start: 1690489119.7969875
