event_uptime:
  end: 1690489544.132067
  start: 1690489119.577218
