event_sleeping:
  end: 1690489119.911291
  start: 1690489119.9112616
