event_uptime:
  end: 1690489544.157947
  start: 1690489120.0115354
