event_sleeping:
  end: 1690489119.9091942
  start: 1690489119.9091752
