event_sleeping:
  end: 1690489119.987312
  start: 1690489119.9872973
