event_uptime:
  end: 1690489544.347651
  start: 1690489119.8815184
