event_sleeping:
  end: 1690489119.9923108
  start: 1690489119.9922967
