event_sleeping:
  end: 1690489119.6422527
  start: 1690489119.6422386
