event_uptime:
  end: 1690489544.1287158
  start: 1690489119.951137
