event_uptime:
  end: 1690489544.2158873
  start: 1690489119.9137046
