event_uptime:
  end: 1690489544.288363
  start: 1690489119.909254
