event_sleeping:
  end: 1690489119.9056776
  start: 1690489119.905658
