event_uptime:
  end: 1690489544.2943203
  start: 1690489119.8374622
