event_sleeping:
  end: 1690489119.5453222
  start: 1690489119.545306
