event_uptime:
  end: 1690489544.2580256
  start: 1690489120.0589929
