event_uptime:
  end: 1690489544.2273107
  start: 1690489119.638989
