event_sleeping:
  end: 1690489119.5530202
  start: 1690489119.5530076
