event_sleeping:
  end: 1690489120.031676
  start: 1690489120.0316617
