event_uptime:
  end: 1690489544.3188608
  start: 1690489120.0276158
