event_uptime:
  end: 1690489544.1069503
  start: 1690489119.5488539
