event_uptime:
  end: 1690489544.2480116
  start: 1690489119.6408327
