event_sleeping:
  end: 1690489119.7254188
  start: 1690489119.7254012
