event_sleeping:
  end: 1690489119.5517635
  start: 1690489119.551747
