event_uptime:
  end: 1690489680.1840475
  start: 1690489119.5785708
