event_uptime:
  end: 1690489680.2437932
  start: 1690489120.0328648
