event_sleeping:
  end: 1690489119.9074206
  start: 1690489119.9074085
