event_sleeping:
  end: 1690489119.5529342
  start: 1690489119.552025
