event_uptime:
  end: 1690489680.109635
  start: 1690489119.987646
