event_uptime:
  end: 1690489680.1223154
  start: 1690489119.9127324
