event_sleeping:
  end: 1690489119.5469332
  start: 1690489119.546921
