event_uptime:
  end: 1690489680.3481476
  start: 1690489119.7950196
