event_sleeping:
  end: 1690489119.6430612
  start: 1690489119.6430476
