event_sleeping:
  end: 1690489119.86026
  start: 1690489119.860247
