event_sleeping:
  end: 1690489119.9104176
  start: 1690489119.9103968
