event_sleeping:
  end: 1690489119.954526
  start: 1690489119.9545114
