event_uptime:
  end: 1690489680.3054397
  start: 1690489119.8845415
