event_uptime:
  end: 1690489680.3671312
  start: 1690489119.8842556
