event_uptime:
  end: 1690489680.1936276
  start: 1690489119.9931436
