event_uptime:
  end: 1690489680.1106627
  start: 1690489119.5491707
