event_uptime:
  end: 1690489680.1666548
  start: 1690489119.7284489
