event_sleeping:
  end: 1690489119.6418707
  start: 1690489119.6418552
