event_sleeping:
  end: 1690489119.7435122
  start: 1690489119.7434921
