event_sleeping:
  end: 1690489119.6710248
  start: 1690489119.6710057
