event_sleeping:
  end: 1690489119.8625286
  start: 1690489119.8625147
