event_sleeping:
  end: 1690489120.0113966
  start: 1690489120.0113802
