event_uptime:
  end: 1690489680.224257
  start: 1690489119.6462286
