event_uptime:
  end: 1690489680.2916803
  start: 1690489119.9099572
