event_uptime:
  end: 1690489680.3871644
  start: 1690489120.0299969
