event_sleeping:
  end: 1690489119.9863229
  start: 1690489119.986303
