event_sleeping:
  end: 1690489120.0267966
  start: 1690489120.0267804
