event_uptime:
  end: 1690489680.262674
  start: 1690489119.5551507
