event_uptime:
  end: 1690489680.2929032
  start: 1690489119.6465366
