event_sleeping:
  end: 1690489119.66732
  start: 1690489119.667306
