event_sleeping:
  end: 1690489120.0305552
  start: 1690489120.0305421
