event_uptime:
  end: 1690489439.5294797
  start: 1690489119.9110942
