event_uptime:
  end: 1690489439.627497
  start: 1690489119.9020321
