event_uptime:
  end: 1690489439.697089
  start: 1690489119.6423001
