event_uptime:
  end: 1690489439.7528262
  start: 1690489119.7631369
