event_uptime:
  end: 1690489439.7833762
  start: 1690489119.8314354
