event_sleeping:
  end: 1690489119.9530008
  start: 1690489119.952988
