event_sleeping:
  end: 1690489119.9081073
  start: 1690489119.9080944
