event_uptime:
  end: 1690489439.5922337
  start: 1690489119.9703496
