event_sleeping:
  end: 1690489119.7278302
  start: 1690489119.7278047
