event_sleeping:
  end: 1690489119.546438
  start: 1690489119.5464253
