event_uptime:
  end: 1690489439.6534894
  start: 1690489120.0069072
