event_sleeping:
  end: 1690489119.9917278
  start: 1690489119.9917164
