event_sleeping:
  end: 1690489119.5500855
  start: 1690489119.550064
