event_uptime:
  end: 1690489439.5117033
  start: 1690489119.6692033
