event_sleeping:
  end: 1690489119.9051812
  start: 1690489119.9051666
