event_sleeping:
  end: 1690489119.550718
  start: 1690489119.5506873
