event_sleeping:
  end: 1690489119.7980664
  start: 1690489119.7980533
