event_sleeping:
  end: 1690489119.6643677
  start: 1690489119.6643496
