event_uptime:
  end: 1690489439.5582454
  start: 1690489119.5496595
