event_uptime:
  end: 1690489439.5609908
  start: 1690489119.6698236
