event_sleeping:
  end: 1690489119.595572
  start: 1690489119.5955224
