event_uptime:
  end: 1690489439.5931456
  start: 1690489119.5526319
