event_uptime:
  end: 1690489439.7072315
  start: 1690489119.9081364
