event_uptime:
  end: 1690489439.6235156
  start: 1690489119.6003594
