event_sleeping:
  end: 1690489119.8583925
  start: 1690489119.858378
