event_sleeping:
  end: 1690489119.9125092
  start: 1690489119.9124775
