event_uptime:
  end: 1690489439.5230458
  start: 1690489119.9313388
