event_sleeping:
  end: 1690330899.095126
  start: 1690330899.0951219
