event_sleeping:
  end: 1690330899.1451957
  start: 1690330899.1451905
