event_sleeping:
  end: 1690330899.1593766
  start: 1690330899.1593726
