event_sleeping:
  end: 1690330899.1626904
  start: 1690330899.1626868
