event_sleeping:
  end: 1690330899.1363368
  start: 1690330899.136333
