event_sleeping:
  end: 1690330899.127177
  start: 1690330899.1271732
