event_sleeping:
  end: 1690330899.197428
  start: 1690330899.197424
