event_sleeping:
  end: 1690330899.1058912
  start: 1690330899.1058872
