event_sleeping:
  end: 1690330899.1863253
  start: 1690330899.1863205
