event_sleeping:
  end: 1690330899.1295288
  start: 1690330899.129525
