event_sleeping:
  end: 1690330899.1360774
  start: 1690330899.136073
