event_sleeping:
  end: 1690330899.1819527
  start: 1690330899.1819484
