event_sleeping:
  end: 1690330899.0945446
  start: 1690330899.0945244
