event_sleeping:
  end: 1690330899.1932878
  start: 1690330899.193284
