event_sleeping:
  end: 1690330899.1623144
  start: 1690330899.1623104
