event_sleeping:
  end: 1690330899.121337
  start: 1690330899.1213305
