event_sleeping:
  end: 1690330899.097199
  start: 1690330899.0971947
