event_sleeping:
  end: 1690330899.1558645
  start: 1690330899.1558602
