event_sleeping:
  end: 1690330899.1288316
  start: 1690330899.128828
