event_sleeping:
  end: 1690330899.1427398
  start: 1690330899.142736
