event_sleeping:
  end: 1690330899.1621602
  start: 1690330899.162156
