event_sleeping:
  end: 1690330899.1784818
  start: 1690330899.1784778
