event_sleeping:
  end: 1690330899.203368
  start: 1690330899.2033637
