event_sleeping:
  end: 1690330899.122697
  start: 1690330899.1226926
