event_sleeping:
  end: 1690330899.094178
  start: 1690330899.0941741
