event_sleeping:
  end: 1690330899.1141038
  start: 1690330899.1140976
