event_sleeping:
  end: 1690330899.1408842
  start: 1690330899.1408715
