event_sleeping:
  end: 1690330899.1878352
  start: 1690330899.1878304
