event_sleeping:
  end: 1690330899.1303067
  start: 1690330899.130303
