event_sleeping:
  end: 1690330899.150555
  start: 1690330899.1505473
