event_sleeping:
  end: 1690330899.09584
  start: 1690330899.0958364
