event_sleeping:
  end: 1690330899.2097313
  start: 1690330899.2097273
