event_sleeping:
  end: 1690330899.1283212
  start: 1690330899.128317
