event_sleeping:
  end: 1690330899.114739
  start: 1690330899.1147342
