event_sleeping:
  end: 1690330899.1441262
  start: 1690330899.1441221
