event_sleeping:
  end: 1690330899.1344748
  start: 1690330899.134469
