event_sleeping:
  end: 1690330899.1929524
  start: 1690330899.1929479
