event_sleeping:
  end: 1690330899.1549168
  start: 1690330899.1549122
