event_sleeping:
  end: 1690330899.0982187
  start: 1690330899.098215
