event_sleeping:
  end: 1690330899.1632478
  start: 1690330899.163244
