event_sleeping:
  end: 1690330899.1781967
  start: 1690330899.1781902
