event_sleeping:
  end: 1690330899.1514854
  start: 1690330899.151482
