event_sleeping:
  end: 1690330899.1232712
  start: 1690330899.123259
