event_sleeping:
  end: 1690330899.1355462
  start: 1690330899.1355422
