event_sleeping:
  end: 1690330899.2056015
  start: 1690330899.205597
