event_sleeping:
  end: 1690330899.1102638
  start: 1690330899.1102598
