event_sleeping:
  end: 1690330899.1930869
  start: 1690330899.1930828
