event_sleeping:
  end: 1690330899.096392
  start: 1690330899.0963874
