event_sleeping:
  end: 1690330899.1799521
  start: 1690330899.1799479
