event_sleeping:
  end: 1690330899.1694288
  start: 1690330899.1694224
