event_sleeping:
  end: 1690330899.1424112
  start: 1690330899.1424074
