event_sleeping:
  end: 1690417506.9453735
  start: 1690417506.9453554
