event_sleeping:
  end: 1690417506.9900331
  start: 1690417506.9900198
