event_sleeping:
  end: 1690417507.2027006
  start: 1690417507.2026827
