event_sleeping:
  end: 1690417506.9389565
  start: 1690417506.9389386
