event_sleeping:
  end: 1690417506.935354
  start: 1690417506.9353395
