event_sleeping:
  end: 1690417506.9426324
  start: 1690417506.942615
