event_sleeping:
  end: 1690417506.9447849
  start: 1690417506.9447684
