event_sleeping:
  end: 1690417506.9382613
  start: 1690417506.9382427
