event_sleeping:
  end: 1690417506.987933
  start: 1690417506.987908
