event_sleeping:
  end: 1690417507.1552029
  start: 1690417507.1551821
