event_sleeping:
  end: 1690417506.9913988
  start: 1690417506.991385
