event_sleeping:
  end: 1690417506.9429367
  start: 1690417506.9416394
