event_sleeping:
  end: 1690417506.948848
  start: 1690417506.948434
