event_sleeping:
  end: 1690417506.939978
  start: 1690417506.939963
