event_sleeping:
  end: 1690417506.9813435
  start: 1690417506.9477756
