event_sleeping:
  end: 1690417507.2130446
  start: 1690417507.213028
