event_sleeping:
  end: 1690417506.944162
  start: 1690417506.9441469
