event_sleeping:
  end: 1690417507.0962145
  start: 1690417507.0961974
