event_sleeping:
  end: 1690417506.9829137
  start: 1690417506.9828618
