event_sleeping:
  end: 1690417507.2357035
  start: 1690417507.235689
