event_sleeping:
  end: 1690417506.9372618
  start: 1690417506.9372487
