event_sleeping:
  end: 1690417506.939713
  start: 1690417506.9396932
