event_sleeping:
  end: 1690417507.0358865
  start: 1690417507.035857
