event_sleeping:
  end: 1690417506.9433038
  start: 1690417506.943288
