event_sleeping:
  end: 1690417506.9497273
  start: 1690417506.9497154
