event_sleeping:
  end: 1690417507.2341352
  start: 1690417507.2341092
