event_sleeping:
  end: 1690580946.9857213
  start: 1690580946.985709
