event_uptime:
  end: 1690581016.0694587
  start: 1690580947.0412688
