event_uptime:
  end: 1690581005.7876313
  start: 1690580947.0419629
