event_sleeping:
  end: 1690580946.9864888
  start: 1690580946.986482
