event_sleeping:
  end: 1690580946.9849007
  start: 1690580946.9848845
