event_uptime:
  end: 1690581023.3061442
  start: 1690580946.988023
