event_sleeping:
  end: 1690580946.9858057
  start: 1690580946.9857986
