event_uptime:
  end: 1690581011.8962576
  start: 1690580947.0144596
