event_sleeping:
  end: 1690580946.9853578
  start: 1690580946.9853435
