event_uptime:
  end: 1690581033.8354573
  start: 1690580947.0122218
