event_sleeping:
  end: 1690580946.985248
  start: 1690580946.985227
