event_uptime:
  end: 1690580959.0960238
  start: 1690580947.0392525
