event_sleeping:
  end: 1690580946.9879897
  start: 1690580946.9879665
