event_uptime:
  end: 1690580979.067773
  start: 1690580947.0094075
