event_sleeping:
  end: 1690603606.6528745
  start: 1690603606.6528597
