event_uptime:
  end: 1690603676.6263552
  start: 1690603606.6586566
