event_sleeping:
  end: 1690603606.6615896
  start: 1690603606.6615126
