event_uptime:
  end: 1690603691.786891
  start: 1690603606.7097688
