event_uptime:
  end: 1690603702.3489852
  start: 1690603606.6637042
