event_sleeping:
  end: 1690603606.7267447
  start: 1690603606.7267308
