event_uptime:
  end: 1690603671.9519885
  start: 1690603606.742406
