event_uptime:
  end: 1690603666.338664
  start: 1690603606.6576262
