event_sleeping:
  end: 1690603606.7270632
  start: 1690603606.727033
