event_sleeping:
  end: 1690603606.665639
  start: 1690603606.6656256
