event_uptime:
  end: 1690603676.0872314
  start: 1690603606.7576373
