event_sleeping:
  end: 1690603606.7423725
  start: 1690603606.7423587
