event_uptime:
  end: 1690603680.182542
  start: 1690603606.7442222
