event_sleeping:
  end: 1690603606.6538699
  start: 1690603606.6538558
