event_uptime:
  end: 1690603683.9591813
  start: 1690603606.6581697
