event_sleeping:
  end: 1690603606.6544046
  start: 1690603606.6543906
