event_uptime:
  end: 1690603672.5474916
  start: 1690603606.6607141
