event_sleeping:
  end: 1690603606.657549
  start: 1690603606.6575289
