event_sleeping:
  end: 1690603606.6584256
  start: 1690603606.6584115
