event_uptime:
  end: 1690603694.431766
  start: 1690603606.6610491
