event_sleeping:
  end: 1690603606.6592398
  start: 1690603606.6592262
