event_uptime:
  end: 1690603666.0674725
  start: 1690603606.6616473
