event_uptime:
  end: 1690603673.523822
  start: 1690603606.6638672
