event_sleeping:
  end: 1690603606.6613703
  start: 1690603606.6613574
