event_sleeping:
  end: 1690603606.6619363
  start: 1690603606.6619189
