event_uptime:
  end: 1690603675.5266883
  start: 1690603606.6661382
