event_uptime:
  end: 1690603662.7949805
  start: 1690603606.6659253
