event_sleeping:
  end: 1690603606.6629803
  start: 1690603606.662967
