event_sleeping:
  end: 1690603606.6639972
  start: 1690603606.6639822
