event_uptime:
  end: 1690603688.9624932
  start: 1690603606.6662662
