event_uptime:
  end: 1690603618.7677307
  start: 1690603606.6577814
