event_sleeping:
  end: 1690603606.6530144
  start: 1690603606.6529958
