event_uptime:
  end: 1690603639.9919255
  start: 1690603606.6658049
