event_sleeping:
  end: 1690603606.6616135
  start: 1690603606.6612253
