event_sleeping:
  end: 1690469526.0530307
  start: 1690469526.0530236
