event_sleeping:
  end: 1690469526.0535586
  start: 1690469526.0535498
