event_sleeping:
  end: 1690469526.053206
  start: 1690469526.053199
