event_sleeping:
  end: 1690469526.0534713
  start: 1690469526.0533583
