event_sleeping:
  end: 1690307263.3477843
  start: 1690307263.34778
