event_sleeping:
  end: 1690307263.345152
  start: 1690307263.34515
