event_sleeping:
  end: 1690307263.3439753
  start: 1690307263.3439734
