event_sleeping:
  end: 1690307263.3472126
  start: 1690307263.3472085
