event_sleeping:
  end: 1690307263.3454018
  start: 1690307263.3453999
