event_sleeping:
  end: 1690307263.3479598
  start: 1690307263.347956
