event_sleeping:
  end: 1690307263.3436725
  start: 1690307263.3436701
