event_sleeping:
  end: 1690307263.3500311
  start: 1690307263.3500226
