event_sleeping:
  end: 1690307263.3465977
  start: 1690307263.346594
