event_sleeping:
  end: 1690307263.3514853
  start: 1690307263.3514814
