event_uptime:
  end: 1690351347.6302536
  start: 1690351280.7144651
