event_sleeping:
  end: 1690351280.713072
  start: 1690351280.713068
