event_uptime:
  end: 1690351683.9895344
  start: 1690351280.7294755
