event_sleeping:
  end: 1690351280.714416
  start: 1690351280.7144122
