event_sleeping:
  end: 1690351280.7191296
  start: 1690351280.7191255
