event_uptime:
  end: 1690351683.9779336
  start: 1690351280.737191
