event_uptime:
  end: 1690351684.017541
  start: 1690351280.7191768
