event_uptime:
  end: 1690351683.9978034
  start: 1690351280.7162874
