event_uptime:
  end: 1690351683.9778557
  start: 1690351280.7233121
