event_sleeping:
  end: 1690351280.7343287
  start: 1690351280.734325
