event_sleeping:
  end: 1690351280.7261543
  start: 1690351280.7261505
