event_sleeping:
  end: 1690351280.717566
  start: 1690351280.7175622
