event_uptime:
  end: 1690351820.0764463
  start: 1690351280.7352765
