event_uptime:
  end: 1690351820.0851214
  start: 1690351280.7264354
