event_sleeping:
  end: 1690351280.7154472
  start: 1690351280.7154436
