event_sleeping:
  end: 1690351280.7232149
  start: 1690351280.7232096
