event_uptime:
  end: 1690351820.1136231
  start: 1690351280.7196565
