event_sleeping:
  end: 1690351280.7140846
  start: 1690351280.7140803
