event_uptime:
  end: 1690351820.0854368
  start: 1690351280.7161567
