event_sleeping:
  end: 1690351280.7313182
  start: 1690351280.7313106
