event_uptime:
  end: 1690351820.0703018
  start: 1690351280.7172298
