event_sleeping:
  end: 1690351280.7184267
  start: 1690351280.718423
