event_uptime:
  end: 1690351583.2366781
  start: 1690351280.7229292
