event_sleeping:
  end: 1690351280.7266355
  start: 1690351280.7266314
