event_sleeping:
  end: 1690351280.7163699
  start: 1690351280.716366
