event_sleeping:
  end: 1690351280.7165632
  start: 1690351280.7165587
