event_sleeping:
  end: 1690351280.7185903
  start: 1690351280.7185864
