event_uptime:
  end: 1690351583.2297764
  start: 1690351280.7247682
