event_uptime:
  end: 1690351583.2345815
  start: 1690351280.7176945
