event_sleeping:
  end: 1690351280.719646
  start: 1690351280.719642
