event_uptime:
  end: 1690351583.2290895
  start: 1690351280.7315955
