event_uptime:
  end: 1690351583.226207
  start: 1690351280.719028
