event_sleeping:
  end: 1690469646.14555
  start: 1690469646.1455333
