event_sleeping:
  end: 1690469646.221482
  start: 1690469646.2214622
