event_sleeping:
  end: 1690469646.1417582
  start: 1690469646.1417453
