event_sleeping:
  end: 1690469646.502363
  start: 1690469646.5023482
