event_sleeping:
  end: 1690469646.4973376
  start: 1690469646.4973068
