event_sleeping:
  end: 1690469646.1498995
  start: 1690469646.1477356
