event_sleeping:
  end: 1690469646.2179918
  start: 1690469646.217979
