event_sleeping:
  end: 1690469646.145486
  start: 1690469646.144286
