event_sleeping:
  end: 1690469646.1386518
  start: 1690469646.1386237
