event_sleeping:
  end: 1690469646.249584
  start: 1690469646.2495675
