event_sleeping:
  end: 1690469646.333318
  start: 1690469646.3332996
