event_sleeping:
  end: 1690469646.4206443
  start: 1690469646.4206307
