event_sleeping:
  end: 1690469646.1420286
  start: 1690469646.142009
