event_sleeping:
  end: 1690469646.3108122
  start: 1690469646.3107753
