event_sleeping:
  end: 1690469646.4397175
  start: 1690469646.4396987
