event_sleeping:
  end: 1690469646.3696563
  start: 1690469646.36964
