event_sleeping:
  end: 1690469646.5027657
  start: 1690469646.5027518
