event_sleeping:
  end: 1690469646.4170055
  start: 1690469646.4169774
