event_sleeping:
  end: 1690469646.1365712
  start: 1690469646.1365583
