event_sleeping:
  end: 1690469646.1399627
  start: 1690469646.1391892
