event_sleeping:
  end: 1690469646.3321724
  start: 1690469646.332157
