event_sleeping:
  end: 1690469646.216304
  start: 1690469646.2162879
