event_sleeping:
  end: 1690469646.200093
  start: 1690469646.200079
