event_sleeping:
  end: 1690469646.4986725
  start: 1690469646.4986427
