event_sleeping:
  end: 1690469646.4981713
  start: 1690469646.498155
