event_sleeping:
  end: 1690469646.1428618
  start: 1690469646.1428437
