event_sleeping:
  end: 1690469646.4356732
  start: 1690469646.4356325
