event_sleeping:
  end: 1690469646.147287
  start: 1690469646.147268
