event_sleeping:
  end: 1690469646.332362
  start: 1690469646.3323472
