event_sleeping:
  end: 1690469646.268741
  start: 1690469646.26796
