event_sleeping:
  end: 1690469646.3529952
  start: 1690469646.3529787
