event_sleeping:
  end: 1690469646.141155
  start: 1690469646.1411374
