event_sleeping:
  end: 1690543429.3235815
  start: 1690543429.323572
