event_sleeping:
  end: 1690543429.2729745
  start: 1690543429.2729611
