event_sleeping:
  end: 1690543429.0186586
  start: 1690543429.018643
