event_sleeping:
  end: 1690543429.7414691
  start: 1690543429.741456
