event_sleeping:
  end: 1690543430.0540776
  start: 1690543430.0540586
