event_sleeping:
  end: 1690543429.4247844
  start: 1690543429.4247723
