event_sleeping:
  end: 1690543429.1669984
  start: 1690543429.1669846
