event_sleeping:
  end: 1690543429.38982
  start: 1690543429.3739145
