event_sleeping:
  end: 1690543429.8300087
  start: 1690543429.8299975
