event_sleeping:
  end: 1690543429.9323428
  start: 1690543429.9323285
