event_sleeping:
  end: 1690543428.9862895
  start: 1690543428.9862447
