event_sleeping:
  end: 1690543430.1044126
  start: 1690543430.1043985
