event_sleeping:
  end: 1690543429.327867
  start: 1690543429.3278608
