event_sleeping:
  end: 1690543429.223956
  start: 1690543429.2239292
