event_sleeping:
  end: 1690543429.9054897
  start: 1690543429.905474
