event_sleeping:
  end: 1690543429.4793956
  start: 1690543429.4793825
