event_sleeping:
  end: 1690543429.8152955
  start: 1690543429.815253
