event_sleeping:
  end: 1690543430.0936933
  start: 1690543430.0936635
