event_sleeping:
  end: 1690543429.3710887
  start: 1690543429.3710742
