event_sleeping:
  end: 1690543429.690641
  start: 1690543429.6905966
