event_sleeping:
  end: 1690543429.3669245
  start: 1690543429.3669012
