event_sleeping:
  end: 1690543429.27036
  start: 1690543429.270346
