event_sleeping:
  end: 1690543430.0525277
  start: 1690543430.0525136
