event_sleeping:
  end: 1690543429.103051
  start: 1690543429.1030324
