event_sleeping:
  end: 1690543429.4698586
  start: 1690543429.469835
