event_sleeping:
  end: 1690543429.5997326
  start: 1690543429.5997195
