event_sleeping:
  end: 1690543429.196116
  start: 1690543429.1960857
