event_sleeping:
  end: 1690543428.9831266
  start: 1690543428.9829116
