event_sleeping:
  end: 1690543429.167761
  start: 1690543429.167746
