event_sleeping:
  end: 1690543429.624862
  start: 1690543429.6248407
