event_sleeping:
  end: 1690543429.0795214
  start: 1690543429.0795093
