event_sleeping:
  end: 1690543430.128511
  start: 1690543430.1284933
