event_sleeping:
  end: 1690543429.6004884
  start: 1690543429.6004739
