event_sleeping:
  end: 1690543430.1030164
  start: 1690543430.1029987
