event_sleeping:
  end: 1690543429.8787436
  start: 1690543429.8787298
