event_sleeping:
  end: 1690543428.9822931
  start: 1690543428.982278
