event_sleeping:
  end: 1690543430.0018873
  start: 1690543430.0018682
