event_sleeping:
  end: 1690543428.984498
  start: 1690543428.9844728
