event_sleeping:
  end: 1690543429.427281
  start: 1690543429.427268
