event_sleeping:
  end: 1690543429.4836602
  start: 1690543429.4824154
