event_sleeping:
  end: 1690543429.4263449
  start: 1690543429.42633
