event_sleeping:
  end: 1690543429.27322
  start: 1690543429.2731912
