event_sleeping:
  end: 1690543429.450333
  start: 1690543429.4503102
