event_sleeping:
  end: 1690543429.6741862
  start: 1690543429.6741707
