event_sleeping:
  end: 1690543428.985944
  start: 1690543428.9859302
