event_sleeping:
  end: 1690543429.536414
  start: 1690543429.5363882
