event_sleeping:
  end: 1690543429.2750103
  start: 1690543429.2749987
