event_sleeping:
  end: 1690543429.741859
  start: 1690543429.741847
