event_sleeping:
  end: 1690543429.368726
  start: 1690543429.3687131
