event_sleeping:
  end: 1690543430.1516595
  start: 1690543430.1516323
