event_sleeping:
  end: 1690543429.27273
  start: 1690543429.2727156
