event_sleeping:
  end: 1690543429.419078
  start: 1690543429.419059
