event_sleeping:
  end: 1690543429.1237192
  start: 1690543429.123699
