event_sleeping:
  end: 1690543430.1010373
  start: 1690543430.1010218
