event_sleeping:
  end: 1690543429.9325516
  start: 1690543429.932537
