event_sleeping:
  end: 1690543430.0068376
  start: 1690543430.006818
