event_sleeping:
  end: 1690543429.1684308
  start: 1690543429.1684165
