event_sleeping:
  end: 1690543429.4240863
  start: 1690543429.4240737
