event_sleeping:
  end: 1690543429.0788527
  start: 1690543429.0788388
