event_sleeping:
  end: 1690543429.3284416
  start: 1690543429.3284352
