event_sleeping:
  end: 1690543429.9991522
  start: 1690543429.9991322
