event_sleeping:
  end: 1690543430.0747812
  start: 1690543430.074758
