event_sleeping:
  end: 1690543429.0146368
  start: 1690543429.014613
