event_sleeping:
  end: 1690543429.2745376
  start: 1690543429.2745247
