event_sleeping:
  end: 1690543430.1290052
  start: 1690543430.1289904
