event_sleeping:
  end: 1690543429.743453
  start: 1690543429.7434392
