event_sleeping:
  end: 1690543429.4822142
  start: 1690543429.4821997
