event_sleeping:
  end: 1690543429.2257366
  start: 1690543429.2257237
