event_sleeping:
  end: 1690543429.170586
  start: 1690543429.1705656
