event_sleeping:
  end: 1690543429.510972
  start: 1690543429.5109575
