event_sleeping:
  end: 1690543429.3698568
  start: 1690543429.369844
