event_sleeping:
  end: 1690543429.9272087
  start: 1690543429.9271936
