event_sleeping:
  end: 1690450008.765706
  start: 1690450008.7657027
