event_sleeping:
  end: 1690450008.7679605
  start: 1690450008.767957
