event_sleeping:
  end: 1690450008.7658787
  start: 1690450008.7658749
