event_sleeping:
  end: 1690450008.7665288
  start: 1690450008.7665253
