event_sleeping:
  end: 1690450008.7670617
  start: 1690450008.767058
