event_sleeping:
  end: 1690450008.7665734
  start: 1690450008.766003
