event_sleeping:
  end: 1690328958.8174627
  start: 1690328958.8174584
