event_sleeping:
  end: 1690328958.853461
  start: 1690328958.8534555
