event_sleeping:
  end: 1690328958.833468
  start: 1690328958.833462
