event_sleeping:
  end: 1690328958.8437579
  start: 1690328958.8437538
