event_sleeping:
  end: 1690328958.8180976
  start: 1690328958.818094
