event_sleeping:
  end: 1690328958.8155131
  start: 1690328958.8155096
