event_sleeping:
  end: 1690328958.8421512
  start: 1690328958.8421476
