event_sleeping:
  end: 1690328958.8276975
  start: 1690328958.8276935
