event_sleeping:
  end: 1690328958.8494253
  start: 1690328958.849421
