event_sleeping:
  end: 1690328958.8492138
  start: 1690328958.8492098
