event_sleeping:
  end: 1690328958.8562043
  start: 1690328958.856195
