event_sleeping:
  end: 1690328958.821451
  start: 1690328958.821447
