event_sleeping:
  end: 1690328958.815197
  start: 1690328958.8151934
