event_sleeping:
  end: 1690328958.8222518
  start: 1690328958.822248
