event_sleeping:
  end: 1690328958.834586
  start: 1690328958.8345816
