event_sleeping:
  end: 1690328958.8620968
  start: 1690328958.862093
