event_sleeping:
  end: 1690328958.8226397
  start: 1690328958.8226361
