event_sleeping:
  end: 1690328958.820734
  start: 1690328958.8207302
