event_sleeping:
  end: 1690328958.8506644
  start: 1690328958.850661
