event_sleeping:
  end: 1690328958.8271537
  start: 1690328958.8271494
