event_sleeping:
  end: 1690328958.8194087
  start: 1690328958.8194048
