event_sleeping:
  end: 1690328958.8391225
  start: 1690328958.8391128
