event_sleeping:
  end: 1690328958.8619833
  start: 1690328958.8619788
