event_uptime:
  end: 1690580521.6345015
  start: 1690580453.0413756
