event_sleeping:
  end: 1690580453.038372
  start: 1690580453.038356
