event_uptime:
  end: 1690580465.0831342
  start: 1690580453.041016
