event_sleeping:
  end: 1690580453.0385957
  start: 1690580453.0385823
