event_uptime:
  end: 1690580484.6999662
  start: 1690580453.054907
