event_uptime:
  end: 1690336037.3510537
  start: 1690335970.893149
