event_sleeping:
  end: 1690335970.8913155
  start: 1690335970.891312
