event_sleeping:
  end: 1690335970.8913846
  start: 1690335970.891381
