event_uptime:
  end: 1690336373.6901524
  start: 1690335970.8934884
