event_sleeping:
  end: 1690335970.891548
  start: 1690335970.8915446
