event_uptime:
  end: 1690336509.782531
  start: 1690335970.8935814
