event_sleeping:
  end: 1690335970.89159
  start: 1690335970.8915882
