event_uptime:
  end: 1690336272.9294858
  start: 1690335970.8933573
