event_sleeping:
  end: 1690471963.431739
  start: 1690471963.4317214
