event_sleeping:
  end: 1690471963.5349612
  start: 1690471963.5349462
