event_sleeping:
  end: 1690471963.4320142
  start: 1690471963.4318907
