event_sleeping:
  end: 1690471963.6095355
  start: 1690471963.6095214
