event_sleeping:
  end: 1690471963.4606638
  start: 1690471963.4606402
