event_sleeping:
  end: 1690471963.4331672
  start: 1690471963.4331362
