event_sleeping:
  end: 1690471963.439066
  start: 1690471963.439052
