event_sleeping:
  end: 1690471963.6279688
  start: 1690471963.6279478
