event_sleeping:
  end: 1690471963.6517527
  start: 1690471963.6517353
