event_sleeping:
  end: 1690471963.7023304
  start: 1690471963.7022824
