event_sleeping:
  end: 1690471963.5840192
  start: 1690471963.5840032
