event_sleeping:
  end: 1690471963.737818
  start: 1690471963.7377987
