event_sleeping:
  end: 1690471963.6708622
  start: 1690471963.6708431
