event_sleeping:
  end: 1690471963.6290464
  start: 1690471963.6290329
