event_sleeping:
  end: 1690471963.723288
  start: 1690471963.7232742
