event_sleeping:
  end: 1690471963.4409971
  start: 1690471963.4409845
