event_sleeping:
  end: 1690471963.7224824
  start: 1690471963.7224581
