event_sleeping:
  end: 1690471963.6699426
  start: 1690471963.6699286
