event_sleeping:
  end: 1690471963.5174878
  start: 1690471963.5174682
