event_sleeping:
  end: 1690471963.487662
  start: 1690471963.487645
