event_sleeping:
  end: 1690471963.5846245
  start: 1690471963.5846105
