event_sleeping:
  end: 1690471963.6697803
  start: 1690471963.6697657
