event_sleeping:
  end: 1690471963.6284165
  start: 1690471963.628401
