event_sleeping:
  end: 1690471963.6502593
  start: 1690471963.650244
