event_sleeping:
  end: 1690471963.7538552
  start: 1690471963.75384
