event_sleeping:
  end: 1690471963.4329908
  start: 1690471963.4329782
