event_sleeping:
  end: 1690471963.7035027
  start: 1690471963.703488
