event_sleeping:
  end: 1690471963.7386453
  start: 1690471963.7386317
