event_sleeping:
  end: 1690471963.432211
  start: 1690471963.432197
