event_sleeping:
  end: 1690471963.536733
  start: 1690471963.5367126
