event_sleeping:
  end: 1690471963.43924
  start: 1690471963.4392273
