event_sleeping:
  end: 1690471963.4326923
  start: 1690471963.4326534
