event_sleeping:
  end: 1690430743.7109873
  start: 1690430743.7109728
