event_uptime:
  end: 1690430815.12857
  start: 1690430743.7134545
