event_sleeping:
  end: 1690430743.7108047
  start: 1690430743.7107804
