event_uptime:
  end: 1690431166.600303
  start: 1690430743.7136095
