event_uptime:
  end: 1690431302.760641
  start: 1690430743.7481933
