event_sleeping:
  end: 1690430743.7119205
  start: 1690430743.7119079
