event_uptime:
  end: 1690431062.076122
  start: 1690430743.7130876
