event_sleeping:
  end: 1690430743.7101765
  start: 1690430743.7101626
