event_sleeping:
  end: 1690473989.710505
  start: 1690473989.7104957
