event_uptime:
  end: 1690474099.9479897
  start: 1690473989.7135742
