event_uptime:
  end: 1690474029.6471984
  start: 1690473989.7131414
