event_sleeping:
  end: 1690473989.7099185
  start: 1690473989.7099106
