event_uptime:
  end: 1690474055.3519945
  start: 1690473989.713394
