event_sleeping:
  end: 1690473989.7104082
  start: 1690473989.7103622
