event_sleeping:
  end: 1690485573.65199
  start: 1690485573.6519759
