event_sleeping:
  end: 1690485574.0689662
  start: 1690485574.068953
