event_sleeping:
  end: 1690485573.1980565
  start: 1690485573.198043
