event_sleeping:
  end: 1690485573.2332118
  start: 1690485573.2327812
