event_sleeping:
  end: 1690485573.8836303
  start: 1690485573.8836114
