event_sleeping:
  end: 1690485573.278597
  start: 1690485573.2785835
