event_sleeping:
  end: 1690485573.932392
  start: 1690485573.932378
