event_sleeping:
  end: 1690485573.0457375
  start: 1690485573.0457237
