event_sleeping:
  end: 1690485574.0964625
  start: 1690485574.0964465
