event_sleeping:
  end: 1690485573.200128
  start: 1690485573.2001104
