event_sleeping:
  end: 1690485573.4498985
  start: 1690485573.449885
