event_sleeping:
  end: 1690485573.9787204
  start: 1690485573.978705
