event_sleeping:
  end: 1690485573.8022087
  start: 1690485573.8021913
