event_sleeping:
  end: 1690485573.5484328
  start: 1690485573.548419
