event_sleeping:
  end: 1690485573.7974312
  start: 1690485573.7974164
