event_sleeping:
  end: 1690485573.9277155
  start: 1690485573.9276931
