event_sleeping:
  end: 1690485573.6490061
  start: 1690485573.648992
