event_sleeping:
  end: 1690485573.9759817
  start: 1690485573.975963
