event_sleeping:
  end: 1690485573.2341614
  start: 1690485573.2341456
