event_sleeping:
  end: 1690485573.0535069
  start: 1690485573.0534923
