event_sleeping:
  end: 1690485573.3031344
  start: 1690485573.303123
