event_sleeping:
  end: 1690485574.0742579
  start: 1690485574.074243
