event_sleeping:
  end: 1690485573.203145
  start: 1690485573.203131
