event_sleeping:
  end: 1690485573.4496162
  start: 1690485573.4495928
