event_sleeping:
  end: 1690485573.8833377
  start: 1690485573.8833253
