event_sleeping:
  end: 1690485574.0292375
  start: 1690485574.0292249
