event_sleeping:
  end: 1690485573.518706
  start: 1690485573.5186899
