event_sleeping:
  end: 1690485573.8049054
  start: 1690485573.8048935
