event_sleeping:
  end: 1690485573.0460258
  start: 1690485573.0459197
