event_sleeping:
  end: 1690485573.7203627
  start: 1690485573.7203484
