event_sleeping:
  end: 1690485574.0057452
  start: 1690485574.0057309
