event_sleeping:
  end: 1690485573.3490942
  start: 1690485573.3490808
