event_sleeping:
  end: 1690485573.1968238
  start: 1690485573.1968079
