event_sleeping:
  end: 1690485574.1741827
  start: 1690485574.1741612
