event_sleeping:
  end: 1690485573.5461142
  start: 1690485573.5460129
