event_sleeping:
  end: 1690485573.2038116
  start: 1690485573.203794
