event_sleeping:
  end: 1690485573.7486038
  start: 1690485573.748589
