event_sleeping:
  end: 1690485573.9364867
  start: 1690485573.9364736
