event_sleeping:
  end: 1690485573.233377
  start: 1690485573.2333615
