event_sleeping:
  end: 1690485573.8853164
  start: 1690485573.885298
