event_sleeping:
  end: 1690485573.045067
  start: 1690485573.0450535
