event_sleeping:
  end: 1690485573.8274794
  start: 1690485573.8274634
