event_sleeping:
  end: 1690485573.722181
  start: 1690485573.7221673
