event_sleeping:
  end: 1690485573.0507858
  start: 1690485573.0507715
