event_sleeping:
  end: 1690485574.0704393
  start: 1690485574.0703824
