event_sleeping:
  end: 1690485573.4936328
  start: 1690485573.4936166
