event_sleeping:
  end: 1690485573.8828156
  start: 1690485573.8828022
