event_sleeping:
  end: 1690485573.0461733
  start: 1690485573.04616
