event_sleeping:
  end: 1690485573.7471068
  start: 1690485573.7470932
