event_sleeping:
  end: 1690485574.0050893
  start: 1690485574.0050745
