event_sleeping:
  end: 1690485574.0738125
  start: 1690485574.0737941
