event_sleeping:
  end: 1690485573.2322416
  start: 1690485573.2322264
