event_sleeping:
  end: 1690485573.7984157
  start: 1690485573.7984014
