event_sleeping:
  end: 1690485573.158602
  start: 1690485573.1585884
