event_sleeping:
  end: 1690485573.2577753
  start: 1690485573.257761
