event_sleeping:
  end: 1690485573.9573689
  start: 1690485573.957355
