event_sleeping:
  end: 1690485573.9108665
  start: 1690485573.9108524
