event_sleeping:
  end: 1690485574.2474124
  start: 1690485574.2473972
