event_sleeping:
  end: 1690485573.4996867
  start: 1690485573.499673
