event_sleeping:
  end: 1690485573.5966408
  start: 1690485573.5966134
