event_sleeping:
  end: 1690485573.801101
  start: 1690485573.8010883
