event_sleeping:
  end: 1690485573.981099
  start: 1690485573.9810734
