event_sleeping:
  end: 1690485573.3044825
  start: 1690485573.3044693
