event_sleeping:
  end: 1690485573.0481274
  start: 1690485573.0481145
