event_sleeping:
  end: 1690485573.228721
  start: 1690485573.2287052
