event_sleeping:
  end: 1690485573.3879182
  start: 1690485573.3879025
