event_sleeping:
  end: 1690485574.2052512
  start: 1690485574.2052357
