event_sleeping:
  end: 1690485573.1395252
  start: 1690485573.1394954
