event_sleeping:
  end: 1690485574.0735164
  start: 1690485574.073502
