event_sleeping:
  end: 1690485573.5494614
  start: 1690485573.549447
