event_sleeping:
  end: 1690485573.8328676
  start: 1690485573.8328536
