event_sleeping:
  end: 1690485573.4978704
  start: 1690485573.497857
