event_sleeping:
  end: 1690485573.9106362
  start: 1690485573.910622
