event_sleeping:
  end: 1690485573.6959212
  start: 1690485573.695908
