event_sleeping:
  end: 1690485573.936678
  start: 1690485573.9366357
