event_sleeping:
  end: 1690573883.0637388
  start: 1690573883.063722
