event_uptime:
  end: 1690573993.889966
  start: 1690573883.087428
