event_uptime:
  end: 1690573987.7126963
  start: 1690573883.067335
