event_sleeping:
  end: 1690573883.0633798
  start: 1690573883.0633645
