event_sleeping:
  end: 1690573883.0635326
  start: 1690573883.063517
