event_uptime:
  end: 1690573997.71132
  start: 1690573883.0867984
