event_sleeping:
  end: 1690573883.0638669
  start: 1690573883.0638535
