event_uptime:
  end: 1690573990.8382976
  start: 1690573883.1173422
