event_uptime:
  end: 1690574037.3129919
  start: 1690573883.084088
