event_sleeping:
  end: 1690573883.064127
  start: 1690573883.0641143
