event_uptime:
  end: 1690573923.1123116
  start: 1690573883.0665984
