event_sleeping:
  end: 1690573883.0629823
  start: 1690573883.062967
