event_uptime:
  end: 1690573949.334195
  start: 1690573883.0667734
