event_sleeping:
  end: 1690573883.0632231
  start: 1690573883.0632076
