event_sleeping:
  end: 1690472352.9589193
  start: 1690472352.9588785
