event_sleeping:
  end: 1690472352.9584744
  start: 1690472352.9584415
