event_sleeping:
  end: 1690472352.9586854
  start: 1690472352.9586735
