event_sleeping:
  end: 1690472352.960922
  start: 1690472352.9609087
