event_sleeping:
  end: 1690472352.958574
  start: 1690472352.9585621
