event_sleeping:
  end: 1690595714.45428
  start: 1690595714.4542537
