event_sleeping:
  end: 1690595714.4517593
  start: 1690595714.4517422
