event_sleeping:
  end: 1690595714.605671
  start: 1690595714.6056538
