event_sleeping:
  end: 1690595714.4525664
  start: 1690595714.452553
