event_sleeping:
  end: 1690595714.5807948
  start: 1690595714.580753
