event_sleeping:
  end: 1690595714.5174623
  start: 1690595714.517444
