event_sleeping:
  end: 1690595714.4828231
  start: 1690595714.482572
