event_sleeping:
  end: 1690595714.5751376
  start: 1690595714.5751004
