event_sleeping:
  end: 1690595714.580496
  start: 1690595714.5804822
