event_sleeping:
  end: 1690595714.449342
  start: 1690595714.448991
