event_sleeping:
  end: 1690595714.4505446
  start: 1690595714.4505029
