event_sleeping:
  end: 1690595714.5368557
  start: 1690595714.5368338
