event_sleeping:
  end: 1690595714.654724
  start: 1690595714.654705
