event_sleeping:
  end: 1690595714.639092
  start: 1690595714.639075
