event_sleeping:
  end: 1690595714.5810328
  start: 1690595714.5810082
