event_sleeping:
  end: 1690595714.5329797
  start: 1690595714.5329218
