event_sleeping:
  end: 1690595714.5834537
  start: 1690595714.5834415
