event_sleeping:
  end: 1690595714.5759609
  start: 1690595714.575936
