event_sleeping:
  end: 1690595714.4496088
  start: 1690595714.4495885
