event_sleeping:
  end: 1690595714.483249
  start: 1690595714.4832337
