event_sleeping:
  end: 1690595714.4483054
  start: 1690595714.4480817
