event_sleeping:
  end: 1690327793.751009
  start: 1690327793.7510052
