event_uptime:
  end: 1690327865.6826334
  start: 1690327793.753017
