event_uptime:
  end: 1690328217.133471
  start: 1690327793.7782001
