event_sleeping:
  end: 1690327793.7644494
  start: 1690327793.7644408
