event_sleeping:
  end: 1690327793.7852685
  start: 1690327793.7852623
