event_uptime:
  end: 1690328217.015444
  start: 1690327793.7542732
