event_uptime:
  end: 1690328217.0739665
  start: 1690327793.768905
