event_sleeping:
  end: 1690327793.7767975
  start: 1690327793.7767928
