event_uptime:
  end: 1690328217.0542758
  start: 1690327793.7888298
