event_sleeping:
  end: 1690327793.7783077
  start: 1690327793.7783027
