event_sleeping:
  end: 1690327793.7528346
  start: 1690327793.7528307
