event_uptime:
  end: 1690328217.0935423
  start: 1690327793.7819285
