event_uptime:
  end: 1690328353.1545892
  start: 1690327793.7857678
