event_uptime:
  end: 1690328353.1986651
  start: 1690327793.7582078
