event_sleeping:
  end: 1690327793.7826905
  start: 1690327793.7826867
