event_sleeping:
  end: 1690327793.7542481
  start: 1690327793.7542443
