event_sleeping:
  end: 1690327793.7682462
  start: 1690327793.7682388
