event_sleeping:
  end: 1690327793.77801
  start: 1690327793.778006
