event_uptime:
  end: 1690328353.1494257
  start: 1690327793.781419
