event_uptime:
  end: 1690328353.1616957
  start: 1690327793.7726352
