event_uptime:
  end: 1690328353.1304865
  start: 1690327793.7531564
