event_sleeping:
  end: 1690327793.7514768
  start: 1690327793.7514734
