event_sleeping:
  end: 1690327793.7769597
  start: 1690327793.7769551
