event_uptime:
  end: 1690328112.5544903
  start: 1690327793.777405
