event_uptime:
  end: 1690328112.4696133
  start: 1690327793.7787256
