event_sleeping:
  end: 1690327793.7756321
  start: 1690327793.7756257
