event_uptime:
  end: 1690328112.5698729
  start: 1690327793.757864
