event_uptime:
  end: 1690328112.481716
  start: 1690327793.753918
