event_sleeping:
  end: 1690327793.7531455
  start: 1690327793.7531416
