event_sleeping:
  end: 1690327793.7513933
  start: 1690327793.7513893
