event_uptime:
  end: 1690328112.5424478
  start: 1690327793.7833214
