event_sleeping:
  end: 1690327793.7812479
  start: 1690327793.7812388
