event_sleeping:
  end: 1690346315.183194
  start: 1690346315.1831906
