event_sleeping:
  end: 1690346315.1919873
  start: 1690346315.1919816
