event_sleeping:
  end: 1690346315.1866295
  start: 1690346315.186626
