event_sleeping:
  end: 1690346315.183025
  start: 1690346315.1830215
