event_sleeping:
  end: 1690346315.1920834
  start: 1690346315.192075
