event_sleeping:
  end: 1690346315.182893
  start: 1690346315.1828892
