event_sleeping:
  end: 1690346315.1833575
  start: 1690346315.183354
