event_sleeping:
  end: 1690346315.1860564
  start: 1690346315.186052
