event_sleeping:
  end: 1690346315.1994827
  start: 1690346315.199476
