event_sleeping:
  end: 1690346315.1840918
  start: 1690346315.1840878
