event_sleeping:
  end: 1690346315.1971657
  start: 1690346315.1971614
