event_uptime:
  end: 1690428446.3082054
  start: 1690428374.7775404
