event_sleeping:
  end: 1690428374.7750883
  start: 1690428374.7750745
