event_uptime:
  end: 1690428797.8784766
  start: 1690428374.8030093
