event_sleeping:
  end: 1690428374.7778783
  start: 1690428374.7778583
