event_uptime:
  end: 1690428797.7846704
  start: 1690428374.7976367
