event_sleeping:
  end: 1690428374.7767754
  start: 1690428374.7767637
