event_uptime:
  end: 1690428933.9088216
  start: 1690428374.7788308
