event_sleeping:
  end: 1690428374.7754679
  start: 1690428374.7754555
