event_sleeping:
  end: 1690428374.7774785
  start: 1690428374.7774632
