event_uptime:
  end: 1690428933.9116771
  start: 1690428374.8032937
