event_uptime:
  end: 1690428693.327675
  start: 1690428374.8023317
