event_sleeping:
  end: 1690428374.7797077
  start: 1690428374.7796693
