event_uptime:
  end: 1690428693.2436974
  start: 1690428374.8025656
