event_sleeping:
  end: 1690428374.7758403
  start: 1690428374.775811
