event_sleeping:
  end: 1690317596.3101494
  start: 1690317596.3101473
