event_sleeping:
  end: 1690317596.3097882
  start: 1690317596.3097863
