event_sleeping:
  end: 1690317596.308242
  start: 1690317596.3082368
