event_sleeping:
  end: 1690317596.3114777
  start: 1690317596.311476
