event_sleeping:
  end: 1690317596.3099823
  start: 1690317596.30998
