event_sleeping:
  end: 1690317596.3113854
  start: 1690317596.3113823
