event_sleeping:
  end: 1690469564.1326253
  start: 1690469564.1326108
