event_sleeping:
  end: 1690469564.1322877
  start: 1690469564.1322742
