event_sleeping:
  end: 1690469564.132903
  start: 1690469564.132889
