event_sleeping:
  end: 1690469564.1345108
  start: 1690469564.1344955
