event_sleeping:
  end: 1690487482.8814712
  start: 1690487482.8814523
