event_sleeping:
  end: 1690487483.1441422
  start: 1690487483.144129
