event_sleeping:
  end: 1690487483.792143
  start: 1690487483.7921295
