event_sleeping:
  end: 1690487483.2583916
  start: 1690487483.2583776
