event_sleeping:
  end: 1690487482.9873912
  start: 1690487482.9873412
