event_sleeping:
  end: 1690487483.861003
  start: 1690487483.8609872
