event_sleeping:
  end: 1690487483.654808
  start: 1690487483.6547923
