event_sleeping:
  end: 1690487483.5633628
  start: 1690487483.5633495
