event_sleeping:
  end: 1690487483.4691956
  start: 1690487483.4691823
