event_sleeping:
  end: 1690487483.339987
  start: 1690487483.3399746
