event_sleeping:
  end: 1690487483.9333034
  start: 1690487483.9130816
