event_sleeping:
  end: 1690487483.9973996
  start: 1690487483.997355
