event_sleeping:
  end: 1690487483.7195706
  start: 1690487483.7195258
