event_sleeping:
  end: 1690487483.397445
  start: 1690487483.3974314
