event_sleeping:
  end: 1690487483.3365843
  start: 1690487483.3365695
