event_sleeping:
  end: 1690487483.132835
  start: 1690487483.132822
