event_sleeping:
  end: 1690487483.9111252
  start: 1690487483.9111116
