event_sleeping:
  end: 1690487483.6536005
  start: 1690487483.6535845
