event_sleeping:
  end: 1690487483.2353263
  start: 1690487483.2353113
