event_sleeping:
  end: 1690487484.0041714
  start: 1690487484.00398
