event_sleeping:
  end: 1690487483.3933594
  start: 1690487483.3933275
