event_sleeping:
  end: 1690487482.886809
  start: 1690487482.8867965
