event_sleeping:
  end: 1690487483.4627254
  start: 1690487483.4626992
