event_sleeping:
  end: 1690487483.7219098
  start: 1690487483.7218952
