event_sleeping:
  end: 1690487483.836691
  start: 1690487483.8366752
