event_sleeping:
  end: 1690487483.5205634
  start: 1690487483.520548
