event_sleeping:
  end: 1690487482.884404
  start: 1690487482.884389
