event_sleeping:
  end: 1690487483.7519534
  start: 1690487483.751937
