event_sleeping:
  end: 1690487482.9671707
  start: 1690487482.9671361
