event_sleeping:
  end: 1690487483.1437218
  start: 1690487483.1437082
