event_sleeping:
  end: 1690487484.0700176
  start: 1690487484.0318391
