event_sleeping:
  end: 1690487483.7945595
  start: 1690487483.794545
