event_sleeping:
  end: 1690487483.3968139
  start: 1690487483.3967965
