event_sleeping:
  end: 1690487483.5860023
  start: 1690487483.5859876
