event_sleeping:
  end: 1690487483.368918
  start: 1690487483.3688989
