event_sleeping:
  end: 1690487483.0515187
  start: 1690487483.0515058
