event_sleeping:
  end: 1690487482.8897884
  start: 1690487482.8897712
