event_sleeping:
  end: 1690487483.7518055
  start: 1690487483.7517877
