event_sleeping:
  end: 1690487483.8857021
  start: 1690487483.8856883
