event_sleeping:
  end: 1690487482.8862135
  start: 1690487482.8861985
