event_sleeping:
  end: 1690487483.4684875
  start: 1690487483.468474
