event_sleeping:
  end: 1690487482.8840358
  start: 1690487482.8840227
