event_sleeping:
  end: 1690487483.973817
  start: 1690487483.9738035
