event_sleeping:
  end: 1690487483.6543276
  start: 1690487483.654314
