event_sleeping:
  end: 1690487483.25882
  start: 1690487483.2588017
