event_sleeping:
  end: 1690487483.832819
  start: 1690487483.8327959
