event_sleeping:
  end: 1690487483.907923
  start: 1690487483.9079065
