event_sleeping:
  end: 1690487482.9174275
  start: 1690487482.9174123
