event_sleeping:
  end: 1690487483.1187444
  start: 1690487483.1187298
