event_sleeping:
  end: 1690487483.5200846
  start: 1690487483.5200694
