event_sleeping:
  end: 1690487484.0682566
  start: 1690487484.0682404
