event_sleeping:
  end: 1690487483.3642104
  start: 1690487483.3641922
