event_sleeping:
  end: 1690487483.4418447
  start: 1690487483.4418275
