event_sleeping:
  end: 1690487483.6832469
  start: 1690487483.683231
