event_sleeping:
  end: 1690487483.1936586
  start: 1690487483.1936405
