event_sleeping:
  end: 1690487483.62813
  start: 1690487483.6281154
