event_sleeping:
  end: 1690487483.9336834
  start: 1690487483.93367
