event_sleeping:
  end: 1690487483.3158493
  start: 1690487483.3158338
