event_sleeping:
  end: 1690487482.8855236
  start: 1690487482.8855033
