event_sleeping:
  end: 1690487484.0732446
  start: 1690487484.0732305
