event_sleeping:
  end: 1690487483.9704163
  start: 1690487483.9703934
