event_sleeping:
  end: 1690487483.681109
  start: 1690487483.6810937
