event_sleeping:
  end: 1690487483.5874658
  start: 1690487483.5874257
