event_sleeping:
  end: 1690487483.5177584
  start: 1690487483.5177402
