event_sleeping:
  end: 1690487483.1144981
  start: 1690487483.1144848
