event_sleeping:
  end: 1690487482.918011
  start: 1690487482.917998
