event_sleeping:
  end: 1690487482.8899229
  start: 1690487482.889906
