event_sleeping:
  end: 1690487483.7501302
  start: 1690487483.7501166
