event_sleeping:
  end: 1690487483.3404818
  start: 1690487483.3404677
