event_sleeping:
  end: 1690487483.1658034
  start: 1690487483.1657548
