event_sleeping:
  end: 1690487483.8171563
  start: 1690487483.8171415
