event_sleeping:
  end: 1690487483.2621953
  start: 1690487483.2621813
