event_sleeping:
  end: 1690487483.399573
  start: 1690487483.3995378
