event_sleeping:
  end: 1690487483.8828993
  start: 1690487483.8828614
