event_uptime:
  end: 1690484569.9431896
  start: 1690484496.5523617
