event_sleeping:
  end: 1690484496.548781
  start: 1690484496.5486915
