event_uptime:
  end: 1690484921.028699
  start: 1690484496.8643641
