event_sleeping:
  end: 1690484497.0396216
  start: 1690484497.0396066
