event_sleeping:
  end: 1690484496.8409317
  start: 1690484496.840918
