event_sleeping:
  end: 1690484496.7162447
  start: 1690484496.7162163
