event_uptime:
  end: 1690484921.2670467
  start: 1690484496.7762218
