event_uptime:
  end: 1690484921.2744985
  start: 1690484496.72091
