event_uptime:
  end: 1690484921.2046368
  start: 1690484496.750523
