event_sleeping:
  end: 1690484496.5588768
  start: 1690484496.5588608
