event_sleeping:
  end: 1690484496.7732654
  start: 1690484496.773251
