event_uptime:
  end: 1690484921.1794887
  start: 1690484496.8400736
