event_sleeping:
  end: 1690484496.551723
  start: 1690484496.5517116
