event_uptime:
  end: 1690484921.1818578
  start: 1690484496.6874654
