event_sleeping:
  end: 1690484496.9363923
  start: 1690484496.936374
