event_uptime:
  end: 1690484921.3690324
  start: 1690484496.556272
