event_sleeping:
  end: 1690484496.720595
  start: 1690484496.7205813
