event_uptime:
  end: 1690484921.1780074
  start: 1690484497.040354
