event_uptime:
  end: 1690484921.1078992
  start: 1690484496.563396
