event_uptime:
  end: 1690484921.3585603
  start: 1690484497.0998347
