event_uptime:
  end: 1690484921.02841
  start: 1690484497.0099607
