event_uptime:
  end: 1690484921.2683063
  start: 1690484496.98369
