event_sleeping:
  end: 1690484496.9894838
  start: 1690484496.98947
