event_sleeping:
  end: 1690484496.6787655
  start: 1690484496.6787488
