event_sleeping:
  end: 1690484497.0360813
  start: 1690484497.0360641
