event_sleeping:
  end: 1690484496.8647532
  start: 1690484496.8647385
