event_sleeping:
  end: 1690484496.5606313
  start: 1690484496.5606186
