event_uptime:
  end: 1690484921.1869674
  start: 1690484496.7463982
