event_uptime:
  end: 1690484921.3899293
  start: 1690484496.5889452
