event_sleeping:
  end: 1690484496.8326178
  start: 1690484496.8325965
