event_sleeping:
  end: 1690484496.8397605
  start: 1690484496.8397477
