event_sleeping:
  end: 1690484496.9885674
  start: 1690484496.9885538
