event_uptime:
  end: 1690485057.4223926
  start: 1690484496.7128456
