event_sleeping:
  end: 1690484496.9866414
  start: 1690484496.9866269
