event_uptime:
  end: 1690485057.4150026
  start: 1690484496.6068618
