event_sleeping:
  end: 1690484496.5490656
  start: 1690484496.5490525
