event_uptime:
  end: 1690485057.383274
  start: 1690484496.553515
