event_sleeping:
  end: 1690484496.956772
  start: 1690484496.9567575
