event_sleeping:
  end: 1690484496.6088896
  start: 1690484496.608875
