event_sleeping:
  end: 1690484496.5558224
  start: 1690484496.555809
