event_uptime:
  end: 1690485057.3028603
  start: 1690484496.6883144
