event_sleeping:
  end: 1690484496.9907687
  start: 1690484496.9899218
