event_uptime:
  end: 1690485057.2428048
  start: 1690484496.6129556
