event_sleeping:
  end: 1690484496.8337872
  start: 1690484496.8337626
