event_uptime:
  end: 1690485057.3829415
  start: 1690484496.9915695
