event_uptime:
  end: 1690485057.2393785
  start: 1690484496.5634983
