event_uptime:
  end: 1690485057.2389011
  start: 1690484496.9812157
