event_sleeping:
  end: 1690484496.5594528
  start: 1690484496.5594354
