event_uptime:
  end: 1690485057.2790694
  start: 1690484497.0317852
