event_sleeping:
  end: 1690484496.911459
  start: 1690484496.9114325
