event_sleeping:
  end: 1690484496.6842434
  start: 1690484496.6842296
