event_sleeping:
  end: 1690484496.6885998
  start: 1690484496.6885867
