event_uptime:
  end: 1690485057.3636281
  start: 1690484496.9896622
