event_sleeping:
  end: 1690484496.769934
  start: 1690484496.7699158
