event_uptime:
  end: 1690485057.2125955
  start: 1690484496.9516604
