event_uptime:
  end: 1690485057.0927644
  start: 1690484496.860952
