event_sleeping:
  end: 1690484496.7236702
  start: 1690484496.7236502
