event_uptime:
  end: 1690485057.3299735
  start: 1690484496.8402834
