event_uptime:
  end: 1690485057.3346143
  start: 1690484496.7737763
