event_uptime:
  end: 1690485057.2544324
  start: 1690484496.751441
