event_sleeping:
  end: 1690484496.612602
  start: 1690484496.612547
