event_sleeping:
  end: 1690484496.5562499
  start: 1690484496.5562375
