event_sleeping:
  end: 1690484496.8138015
  start: 1690484496.813786
