event_uptime:
  end: 1690484816.409233
  start: 1690484496.8406372
