event_uptime:
  end: 1690484816.8199732
  start: 1690484496.886239
