event_sleeping:
  end: 1690484496.553735
  start: 1690484496.5537233
