event_sleeping:
  end: 1690484496.5514424
  start: 1690484496.551429
