event_sleeping:
  end: 1690484496.722018
  start: 1690484496.7220027
