event_sleeping:
  end: 1690484496.8643107
  start: 1690484496.8642967
