event_uptime:
  end: 1690484816.754893
  start: 1690484496.6869643
