event_sleeping:
  end: 1690484496.6806176
  start: 1690484496.6806028
