event_uptime:
  end: 1690484816.622644
  start: 1690484496.9345574
