event_sleeping:
  end: 1690484496.9130247
  start: 1690484496.9130104
