event_sleeping:
  end: 1690484496.6854594
  start: 1690484496.6854463
