event_sleeping:
  end: 1690484496.8343046
  start: 1690484496.8342903
