event_uptime:
  end: 1690484816.6991794
  start: 1690484496.7217166
