event_uptime:
  end: 1690484816.7363875
  start: 1690484496.5556183
