event_sleeping:
  end: 1690484496.9876332
  start: 1690484496.987617
