event_uptime:
  end: 1690484816.7660358
  start: 1690484496.9872236
