event_uptime:
  end: 1690484816.5902503
  start: 1690484496.5567777
