event_sleeping:
  end: 1690484496.9808416
  start: 1690484496.9808114
