event_uptime:
  end: 1690484816.6751986
  start: 1690484496.725133
