event_uptime:
  end: 1690484816.6294312
  start: 1690484496.8345668
