event_sleeping:
  end: 1690484496.9908943
  start: 1690484496.990881
