event_uptime:
  end: 1690484816.621454
  start: 1690484497.0140996
