event_uptime:
  end: 1690484816.787193
  start: 1690484496.5598907
