event_uptime:
  end: 1690484816.6223683
  start: 1690484496.989949
