event_uptime:
  end: 1690484816.626681
  start: 1690484496.6894243
