event_uptime:
  end: 1690484816.679006
  start: 1690484496.6567736
