event_sleeping:
  end: 1690484496.716887
  start: 1690484496.7168658
