event_uptime:
  end: 1690571449.19373
  start: 1690571338.641016
