event_sleeping:
  end: 1690571338.638294
  start: 1690571338.6382618
