event_sleeping:
  end: 1690571338.6385145
  start: 1690571338.6384447
