event_uptime:
  end: 1690571442.9553838
  start: 1690571338.6420348
