event_uptime:
  end: 1690571378.6806436
  start: 1690571338.6416738
