event_sleeping:
  end: 1690571338.6385655
  start: 1690571338.6376104
