event_uptime:
  end: 1690571404.5515845
  start: 1690571338.689588
