event_sleeping:
  end: 1690571338.6388373
  start: 1690571338.6388311
