event_sleeping:
  end: 1690449912.6829677
  start: 1690449912.6829634
