event_sleeping:
  end: 1690449912.6863253
  start: 1690449912.6863213
