event_sleeping:
  end: 1690449912.6983428
  start: 1690449912.6983387
