event_sleeping:
  end: 1690449912.6872942
  start: 1690449912.6872902
