event_sleeping:
  end: 1690449912.6832716
  start: 1690449912.6832676
