event_sleeping:
  end: 1690449912.6928627
  start: 1690449912.6928551
