event_sleeping:
  end: 1690449912.6878662
  start: 1690449912.6878629
