event_sleeping:
  end: 1690449912.69802
  start: 1690449912.6980112
