event_sleeping:
  end: 1690449912.6846294
  start: 1690449912.6846256
