event_sleeping:
  end: 1690449912.699856
  start: 1690449912.6998503
