event_sleeping:
  end: 1690449912.6859405
  start: 1690449912.685937
