event_sleeping:
  end: 1690449912.684065
  start: 1690449912.6840606
