event_sleeping:
  end: 1690564114.6116831
  start: 1690564114.611667
