event_sleeping:
  end: 1690564114.6118288
  start: 1690564114.6118197
