event_sleeping:
  end: 1690564114.612591
  start: 1690564114.6125786
