event_sleeping:
  end: 1690564114.613464
  start: 1690564114.6133065
