event_sleeping:
  end: 1690564114.613437
  start: 1690564114.6134272
