event_sleeping:
  end: 1690564114.6100261
  start: 1690564114.6100101
