event_uptime:
  end: 1690571753.3115377
  start: 1690571683.819114
