event_sleeping:
  end: 1690571683.816898
  start: 1690571683.816885
