event_uptime:
  end: 1690571743.0513778
  start: 1690571683.819698
