event_sleeping:
  end: 1690571683.8177748
  start: 1690571683.8171463
