event_uptime:
  end: 1690571760.6709964
  start: 1690571683.8167357
