event_sleeping:
  end: 1690571683.8141637
  start: 1690571683.8141463
