event_uptime:
  end: 1690571749.0841033
  start: 1690571683.819956
