event_sleeping:
  end: 1690571683.8165984
  start: 1690571683.8161054
