event_sleeping:
  end: 1690571683.8206344
  start: 1690571683.8206203
