event_uptime:
  end: 1690571771.0934489
  start: 1690571683.8231375
