event_sleeping:
  end: 1690571683.817752
  start: 1690571683.817739
