event_uptime:
  end: 1690571742.6216087
  start: 1690571683.8209326
