event_uptime:
  end: 1690571750.1586545
  start: 1690571683.8392634
