event_uptime:
  end: 1690571752.099465
  start: 1690571683.8438978
