event_sleeping:
  end: 1690571683.8226326
  start: 1690571683.8226054
