event_sleeping:
  end: 1690571683.818969
  start: 1690571683.8189352
