event_uptime:
  end: 1690571739.402847
  start: 1690571683.8211405
