event_uptime:
  end: 1690571765.5798175
  start: 1690571683.8921332
