event_sleeping:
  end: 1690571683.8579009
  start: 1690571683.8578398
