event_sleeping:
  end: 1690571683.8133094
  start: 1690571683.8132913
