event_uptime:
  end: 1690571695.8585498
  start: 1690571683.8162107
