event_uptime:
  end: 1690571716.404321
  start: 1690571683.8226583
