event_sleeping:
  end: 1690571683.819884
  start: 1690571683.8198712
