event_sleeping:
  end: 1690469838.3548076
  start: 1690469838.354793
