event_sleeping:
  end: 1690469838.3582084
  start: 1690469838.358196
