event_sleeping:
  end: 1690469838.357012
  start: 1690469838.3569598
