event_sleeping:
  end: 1690469838.354229
  start: 1690469838.3541942
