event_sleeping:
  end: 1690469838.3573852
  start: 1690469838.3573647
