event_sleeping:
  end: 1690469838.3539498
  start: 1690469838.3539429
