event_uptime:
  end: 1690492081.8836129
  start: 1690492013.3388338
