event_sleeping:
  end: 1690492013.2948537
  start: 1690492013.2948394
