event_uptime:
  end: 1690492418.1154876
  start: 1690492013.8152375
