event_uptime:
  end: 1690492418.037962
  start: 1690492013.3424537
