event_uptime:
  end: 1690492418.097955
  start: 1690492013.6075568
