event_uptime:
  end: 1690492418.0177135
  start: 1690492013.6460702
