event_sleeping:
  end: 1690492013.729749
  start: 1690492013.7297368
