event_sleeping:
  end: 1690492013.6045558
  start: 1690492013.6045423
