event_uptime:
  end: 1690492417.9221084
  start: 1690492013.8888056
