event_sleeping:
  end: 1690492013.7908528
  start: 1690492013.79084
