event_sleeping:
  end: 1690492013.2830586
  start: 1690492013.2830422
