event_sleeping:
  end: 1690492013.8531427
  start: 1690492013.853129
