event_uptime:
  end: 1690492418.0624733
  start: 1690492013.682592
