event_uptime:
  end: 1690492417.9152007
  start: 1690492013.2909849
