event_uptime:
  end: 1690492417.9157512
  start: 1690492013.8144407
