event_sleeping:
  end: 1690492013.8112614
  start: 1690492013.811245
