event_sleeping:
  end: 1690492013.2888362
  start: 1690492013.2874591
