event_sleeping:
  end: 1690492013.3641274
  start: 1690492013.364113
