event_uptime:
  end: 1690492417.9584146
  start: 1690492013.288963
