event_sleeping:
  end: 1690492013.2844117
  start: 1690492013.2843962
