event_sleeping:
  end: 1690492013.6660848
  start: 1690492013.6660693
