event_uptime:
  end: 1690492418.005679
  start: 1690492013.4938345
