event_uptime:
  end: 1690492417.9380128
  start: 1690492013.2875955
