event_uptime:
  end: 1690492417.9656706
  start: 1690492013.7919352
