event_uptime:
  end: 1690492418.062765
  start: 1690492013.3863227
