event_uptime:
  end: 1690492417.981508
  start: 1690492013.4299414
