event_sleeping:
  end: 1690492013.7714376
  start: 1690492013.7714243
