event_sleeping:
  end: 1690492013.4097073
  start: 1690492013.4096932
