event_sleeping:
  end: 1690492013.298413
  start: 1690492013.2983997
