event_sleeping:
  end: 1690492013.474733
  start: 1690492013.47472
