event_sleeping:
  end: 1690492013.6278393
  start: 1690492013.6278265
