event_uptime:
  end: 1690492418.070226
  start: 1690492013.7503858
