event_sleeping:
  end: 1690492013.5430503
  start: 1690492013.543034
