event_sleeping:
  end: 1690492013.3428934
  start: 1690492013.3428688
