event_sleeping:
  end: 1690492013.706732
  start: 1690492013.7067184
