event_sleeping:
  end: 1690492013.408109
  start: 1690492013.4080741
