event_uptime:
  end: 1690492554.154723
  start: 1690492013.3451447
