event_uptime:
  end: 1690492553.9747589
  start: 1690492013.7917726
