event_sleeping:
  end: 1690492013.2961023
  start: 1690492013.296086
