event_sleeping:
  end: 1690492013.812473
  start: 1690492013.8124568
