event_sleeping:
  end: 1690492013.626555
  start: 1690492013.6265402
