event_uptime:
  end: 1690492554.0978858
  start: 1690492013.5482788
