event_sleeping:
  end: 1690492013.2955108
  start: 1690492013.2954967
