event_uptime:
  end: 1690492554.0373197
  start: 1690492013.3224652
