event_uptime:
  end: 1690492554.1305578
  start: 1690492013.6483114
