event_uptime:
  end: 1690492554.0668182
  start: 1690492013.8539276
