event_uptime:
  end: 1690492554.1473007
  start: 1690492013.64387
