event_sleeping:
  end: 1690492013.849826
  start: 1690492013.84981
