event_uptime:
  end: 1690492554.0571296
  start: 1690492013.319785
