event_sleeping:
  end: 1690492013.4713054
  start: 1690492013.4712837
