event_sleeping:
  end: 1690492013.282419
  start: 1690492013.2824044
