event_uptime:
  end: 1690492554.117313
  start: 1690492013.728545
