event_sleeping:
  end: 1690492013.646003
  start: 1690492013.6459908
