event_uptime:
  end: 1690492553.9095762
  start: 1690492013.290256
