event_uptime:
  end: 1690492554.0057225
  start: 1690492013.5018647
