event_uptime:
  end: 1690492553.9884775
  start: 1690492013.4122617
