event_uptime:
  end: 1690492553.9283817
  start: 1690492013.29073
