event_uptime:
  end: 1690492554.0869043
  start: 1690492013.8296404
