event_sleeping:
  end: 1690492013.2862132
  start: 1690492013.2861989
