event_sleeping:
  end: 1690492013.7284472
  start: 1690492013.728433
