event_uptime:
  end: 1690492554.0221999
  start: 1690492013.7513041
