event_sleeping:
  end: 1690492013.7882912
  start: 1690492013.7882783
