event_sleeping:
  end: 1690492013.77176
  start: 1690492013.7717466
