event_sleeping:
  end: 1690492013.8149693
  start: 1690492013.8149483
