event_uptime:
  end: 1690492317.1778946
  start: 1690492013.341137
