event_sleeping:
  end: 1690492013.4112434
  start: 1690492013.4112236
