event_uptime:
  end: 1690492317.3540826
  start: 1690492013.6257584
