event_uptime:
  end: 1690492317.3033922
  start: 1690492013.3222675
