event_sleeping:
  end: 1690492013.4757695
  start: 1690492013.4757557
