event_uptime:
  end: 1690492317.3095772
  start: 1690492013.64643
