event_uptime:
  end: 1690492317.1781719
  start: 1690492013.7470746
