event_sleeping:
  end: 1690492013.292313
  start: 1690492013.292299
