event_sleeping:
  end: 1690492013.386691
  start: 1690492013.3866732
