event_uptime:
  end: 1690492317.197853
  start: 1690492013.4532948
