event_sleeping:
  end: 1690492013.728175
  start: 1690492013.7281616
