event_sleeping:
  end: 1690492013.7893348
  start: 1690492013.7893221
