event_sleeping:
  end: 1690492013.2902198
  start: 1690492013.290204
