event_uptime:
  end: 1690492317.1812582
  start: 1690492013.7059143
