event_uptime:
  end: 1690492317.3518977
  start: 1690492013.8072069
