event_uptime:
  end: 1690492317.2742507
  start: 1690492013.502232
