event_sleeping:
  end: 1690492013.2972476
  start: 1690492013.2972329
