event_uptime:
  end: 1690492317.1772313
  start: 1690492013.4082458
