event_uptime:
  end: 1690492317.3291216
  start: 1690492013.2946975
