event_sleeping:
  end: 1690492013.6270764
  start: 1690492013.6270618
