event_uptime:
  end: 1690492317.2264788
  start: 1690492013.7899868
