event_sleeping:
  end: 1690492013.6694613
  start: 1690492013.6671414
