event_sleeping:
  end: 1690492013.6065028
  start: 1690492013.60649
