event_sleeping:
  end: 1690492013.296965
  start: 1690492013.296952
