event_uptime:
  end: 1690492317.2383285
  start: 1690492013.2942667
