event_uptime:
  end: 1690492317.2268016
  start: 1690492013.2949193
