event_sleeping:
  end: 1690492013.2909586
  start: 1690492013.2909439
