event_uptime:
  end: 1690492317.2745728
  start: 1690492013.83448
