event_sleeping:
  end: 1690471150.9928603
  start: 1690471150.9927719
