event_uptime:
  end: 1690471219.7076626
  start: 1690471151.0091395
