event_uptime:
  end: 1690471209.3989246
  start: 1690471151.032824
