event_uptime:
  end: 1690471162.996164
  start: 1690471150.968906
