event_sleeping:
  end: 1690471150.9670093
  start: 1690471150.966996
