event_sleeping:
  end: 1690471150.967379
  start: 1690471150.9673717
