event_uptime:
  end: 1690471182.7432969
  start: 1690471150.997027
