event_sleeping:
  end: 1690350724.0582695
  start: 1690350724.058265
