event_sleeping:
  end: 1690350723.9896483
  start: 1690350723.9896443
