event_sleeping:
  end: 1690350724.107119
  start: 1690350724.1071143
