event_sleeping:
  end: 1690350724.0040674
  start: 1690350724.0040624
