event_sleeping:
  end: 1690350724.0196316
  start: 1690350724.0196273
