event_sleeping:
  end: 1690350724.1000087
  start: 1690350724.1000042
