event_sleeping:
  end: 1690350724.076996
  start: 1690350724.0769906
