event_sleeping:
  end: 1690350724.023963
  start: 1690350724.0239596
