event_sleeping:
  end: 1690350724.0398738
  start: 1690350724.03987
