event_sleeping:
  end: 1690350724.0882137
  start: 1690350724.088206
