event_sleeping:
  end: 1690350724.0134842
  start: 1690350724.01348
