event_sleeping:
  end: 1690350724.0355387
  start: 1690350724.0355349
