event_sleeping:
  end: 1690350724.1030989
  start: 1690350724.1030953
