event_sleeping:
  end: 1690350723.98888
  start: 1690350723.9888759
