event_sleeping:
  end: 1690350724.0212247
  start: 1690350724.0212207
