event_sleeping:
  end: 1690350724.099589
  start: 1690350724.0995815
