event_sleeping:
  end: 1690350724.0571256
  start: 1690350724.0571182
