event_sleeping:
  end: 1690350724.0059917
  start: 1690350724.0059872
