event_sleeping:
  end: 1690350724.0887759
  start: 1690350724.0887718
