event_sleeping:
  end: 1690350724.0757802
  start: 1690350724.0757694
