event_sleeping:
  end: 1690350724.1075327
  start: 1690350724.1075287
