event_sleeping:
  end: 1690350724.0781128
  start: 1690350724.078109
