event_sleeping:
  end: 1690350724.1009185
  start: 1690350724.1009142
