event_sleeping:
  end: 1690350724.0036938
  start: 1690350724.0036883
