event_sleeping:
  end: 1690350723.9905596
  start: 1690350723.9905558
