event_sleeping:
  end: 1690350723.9886293
  start: 1690350723.9886255
