event_sleeping:
  end: 1690350724.0588744
  start: 1690350724.0588684
