event_sleeping:
  end: 1690350724.026261
  start: 1690350724.0262554
