event_sleeping:
  end: 1690350724.089869
  start: 1690350724.0898654
