event_sleeping:
  end: 1690350724.041027
  start: 1690350724.0410225
