event_sleeping:
  end: 1690350724.0148342
  start: 1690350724.01483
