event_sleeping:
  end: 1690350724.1013317
  start: 1690350724.1013274
