event_sleeping:
  end: 1690350724.049792
  start: 1690350724.049788
