event_sleeping:
  end: 1690350724.0845954
  start: 1690350724.0845888
