event_sleeping:
  end: 1690350724.0113487
  start: 1690350724.011345
