event_sleeping:
  end: 1690350724.0222986
  start: 1690350724.022295
