event_sleeping:
  end: 1690350724.0345864
  start: 1690350724.0345817
