event_sleeping:
  end: 1690350723.9914274
  start: 1690350723.9914238
