event_sleeping:
  end: 1690350724.0690093
  start: 1690350724.0690053
