event_sleeping:
  end: 1690350724.1027458
  start: 1690350724.1027422
