event_sleeping:
  end: 1690350724.114809
  start: 1690350724.1148028
