event_sleeping:
  end: 1690350724.0415828
  start: 1690350724.0415785
