event_sleeping:
  end: 1690350724.0686567
  start: 1690350724.0686464
