event_sleeping:
  end: 1690350724.0907202
  start: 1690350724.0907161
