event_sleeping:
  end: 1690350724.0229144
  start: 1690350724.0229108
