event_sleeping:
  end: 1690350723.9918745
  start: 1690350723.9918709
