event_sleeping:
  end: 1690350724.1026251
  start: 1690350724.1026208
