event_sleeping:
  end: 1690350724.0208633
  start: 1690350724.0208592
