event_sleeping:
  end: 1690350724.0813818
  start: 1690350724.0813766
