event_sleeping:
  end: 1690350724.0098708
  start: 1690350724.009865
