event_sleeping:
  end: 1690350724.110982
  start: 1690350724.110973
