event_sleeping:
  end: 1690594502.7127037
  start: 1690594502.7126884
