event_sleeping:
  end: 1690594502.7143466
  start: 1690594502.7143319
