event_sleeping:
  end: 1690594502.7170184
  start: 1690594502.7170072
