event_sleeping:
  end: 1690594502.7228742
  start: 1690594502.7228615
