event_sleeping:
  end: 1690594502.7173235
  start: 1690594502.7173064
