event_sleeping:
  end: 1690594502.7203207
  start: 1690594502.7203069
