event_sleeping:
  end: 1690594502.715065
  start: 1690594502.7150497
