event_sleeping:
  end: 1690594502.72234
  start: 1690594502.7223277
