event_sleeping:
  end: 1690594502.7200134
  start: 1690594502.7200005
