event_sleeping:
  end: 1690594502.721183
  start: 1690594502.721171
