event_sleeping:
  end: 1690594502.7175903
  start: 1690594502.7175782
