event_sleeping:
  end: 1690594502.7177582
  start: 1690594502.7177444
