event_uptime:
  end: 1690338356.1134896
  start: 1690338289.182577
