event_sleeping:
  end: 1690338289.1798263
  start: 1690338289.1798224
