event_sleeping:
  end: 1690338289.2008734
  start: 1690338289.200869
