event_uptime:
  end: 1690338692.4277036
  start: 1690338289.2127333
