event_sleeping:
  end: 1690338289.1845303
  start: 1690338289.1845255
