event_uptime:
  end: 1690338692.4248683
  start: 1690338289.1862419
