event_uptime:
  end: 1690338692.392684
  start: 1690338289.193707
