event_uptime:
  end: 1690338692.4724624
  start: 1690338289.182779
