event_uptime:
  end: 1690338692.317753
  start: 1690338289.204595
