event_sleeping:
  end: 1690338289.2092018
  start: 1690338289.2091956
