event_sleeping:
  end: 1690338289.186116
  start: 1690338289.1861115
