event_sleeping:
  end: 1690338289.1805751
  start: 1690338289.180571
