event_sleeping:
  end: 1690338289.183674
  start: 1690338289.18367
