event_uptime:
  end: 1690338828.518709
  start: 1690338289.1853611
