event_sleeping:
  end: 1690338289.2045524
  start: 1690338289.2045393
