event_uptime:
  end: 1690338828.4810848
  start: 1690338289.186128
