event_sleeping:
  end: 1690338289.1799772
  start: 1690338289.1799731
