event_uptime:
  end: 1690338828.4784777
  start: 1690338289.20304
