event_sleeping:
  end: 1690338289.1996834
  start: 1690338289.1996741
