event_uptime:
  end: 1690338828.5010562
  start: 1690338289.2099118
