event_uptime:
  end: 1690338828.4863925
  start: 1690338289.183318
