event_uptime:
  end: 1690338591.6568747
  start: 1690338289.194661
