event_sleeping:
  end: 1690338289.1820946
  start: 1690338289.1820908
