event_sleeping:
  end: 1690338289.186351
  start: 1690338289.186347
