event_uptime:
  end: 1690338591.6576014
  start: 1690338289.1835897
