event_sleeping:
  end: 1690338289.181215
  start: 1690338289.181211
