event_sleeping:
  end: 1690338289.1943445
  start: 1690338289.1943374
