event_uptime:
  end: 1690338591.6339984
  start: 1690338289.1973097
