event_uptime:
  end: 1690338591.6780593
  start: 1690338289.1838434
