event_sleeping:
  end: 1690338289.202767
  start: 1690338289.2027626
