event_uptime:
  end: 1690338591.6498735
  start: 1690338289.204823
