event_sleeping:
  end: 1690580025.3097982
  start: 1690580025.30978
