event_uptime:
  end: 1690580094.0036952
  start: 1690580025.3116105
