event_uptime:
  end: 1690580037.4408944
  start: 1690580025.343121
