event_sleeping:
  end: 1690580025.3100612
  start: 1690580025.3100069
