event_sleeping:
  end: 1690580025.3100991
  start: 1690580025.310092
