event_uptime:
  end: 1690580056.9919846
  start: 1690580025.325993
