event_sleeping:
  end: 1690604338.8792975
  start: 1690604338.879282
