event_uptime:
  end: 1690604450.8191113
  start: 1690604338.8830705
