event_sleeping:
  end: 1690604339.0087333
  start: 1690604339.008718
