event_sleeping:
  end: 1690604339.0319734
  start: 1690604339.0319571
