event_uptime:
  end: 1690604449.4035738
  start: 1690604339.0437255
