event_sleeping:
  end: 1690604339.0252774
  start: 1690604339.0252368
