event_sleeping:
  end: 1690604339.0318022
  start: 1690604339.031788
