event_sleeping:
  end: 1690604338.8833659
  start: 1690604338.8828592
