event_uptime:
  end: 1690604444.6564925
  start: 1690604338.886522
