event_uptime:
  end: 1690604446.832701
  start: 1690604339.0786107
