event_sleeping:
  end: 1690604339.0298953
  start: 1690604339.0298805
