event_uptime:
  end: 1690604456.9627364
  start: 1690604339.081571
