event_uptime:
  end: 1690604467.8384585
  start: 1690604339.0310123
