event_uptime:
  end: 1690604474.8531034
  start: 1690604339.0107512
