event_sleeping:
  end: 1690604338.8844588
  start: 1690604338.8844452
