event_uptime:
  end: 1690604454.6999404
  start: 1690604338.886349
