event_uptime:
  end: 1690604447.8202603
  start: 1690604338.888166
