event_sleeping:
  end: 1690604338.885868
  start: 1690604338.8858547
