event_sleeping:
  end: 1690604338.8834796
  start: 1690604338.8834648
