event_uptime:
  end: 1690604494.3385675
  start: 1690604338.8866248
