event_sleeping:
  end: 1690604338.9375973
  start: 1690604338.9375591
