event_uptime:
  end: 1690604442.4708362
  start: 1690604338.9545896
