event_sleeping:
  end: 1690604339.0062044
  start: 1690604339.0061855
