event_uptime:
  end: 1690604447.722976
  start: 1690604339.0096023
