event_uptime:
  end: 1690604451.5031455
  start: 1690604339.0068574
