event_sleeping:
  end: 1690604338.9893909
  start: 1690604338.9893782
