event_sleeping:
  end: 1690604339.0067468
  start: 1690604339.0067325
