event_uptime:
  end: 1690604441.9350648
  start: 1690604339.0094187
