event_uptime:
  end: 1690604466.702684
  start: 1690604339.0103507
