event_sleeping:
  end: 1690604339.00785
  start: 1690604339.0078359
