event_uptime:
  end: 1690604378.9440768
  start: 1690604338.8835049
