event_sleeping:
  end: 1690604338.8816736
  start: 1690604338.8816583
