event_sleeping:
  end: 1690604338.8789892
  start: 1690604338.8789747
