event_uptime:
  end: 1690604406.597427
  start: 1690604338.8832796
