event_sleeping:
  end: 1690434950.8836017
  start: 1690434950.883587
