event_uptime:
  end: 1690435017.8518164
  start: 1690434950.8879094
