event_sleeping:
  end: 1690434950.8893187
  start: 1690434950.8893065
