event_uptime:
  end: 1690435354.2190704
  start: 1690434950.8888433
