event_uptime:
  end: 1690435354.2298408
  start: 1690434950.8924417
