event_uptime:
  end: 1690435354.171498
  start: 1690434950.9222984
