event_sleeping:
  end: 1690434950.9530644
  start: 1690434950.953051
