event_uptime:
  end: 1690435354.1902995
  start: 1690434950.9697044
