event_sleeping:
  end: 1690434950.8921695
  start: 1690434950.8921568
