event_sleeping:
  end: 1690434950.8859797
  start: 1690434950.8859673
