event_uptime:
  end: 1690435354.2098904
  start: 1690434950.8909786
