event_sleeping:
  end: 1690434950.889007
  start: 1690434950.888994
