event_sleeping:
  end: 1690434950.8815377
  start: 1690434950.8815231
