event_uptime:
  end: 1690435490.3081431
  start: 1690434950.8880491
