event_sleeping:
  end: 1690434950.922927
  start: 1690434950.9229143
