event_uptime:
  end: 1690435490.298082
  start: 1690434950.8869128
