event_uptime:
  end: 1690435490.2515883
  start: 1690434950.9499502
