event_sleeping:
  end: 1690434950.8903646
  start: 1690434950.8903496
