event_uptime:
  end: 1690435490.282343
  start: 1690434950.9191065
