event_sleeping:
  end: 1690434950.889562
  start: 1690434950.8895428
