event_uptime:
  end: 1690435490.2624128
  start: 1690434950.9215133
