event_sleeping:
  end: 1690434950.8820465
  start: 1690434950.882032
