event_sleeping:
  end: 1690434950.883102
  start: 1690434950.8830848
