event_uptime:
  end: 1690435253.456843
  start: 1690434950.892334
