event_sleeping:
  end: 1690434950.9535232
  start: 1690434950.9534993
