event_uptime:
  end: 1690435253.4731922
  start: 1690434950.8872395
