event_uptime:
  end: 1690435253.501635
  start: 1690434950.8893425
