event_sleeping:
  end: 1690434950.8891513
  start: 1690434950.889138
