event_uptime:
  end: 1690435253.486318
  start: 1690434950.966079
