event_uptime:
  end: 1690435253.470336
  start: 1690434950.8932593
