event_sleeping:
  end: 1690434950.8901455
  start: 1690434950.8901036
