event_sleeping:
  end: 1690434950.8871539
  start: 1690434950.8867426
