event_sleeping:
  end: 1690468780.9373891
  start: 1690468780.9373825
