event_uptime:
  end: 1690468891.2967138
  start: 1690468780.9399865
