event_uptime:
  end: 1690468820.9281988
  start: 1690468780.9549832
