event_sleeping:
  end: 1690468780.9371006
  start: 1690468780.9370666
