event_uptime:
  end: 1690468846.6993535
  start: 1690468780.9709053
