event_sleeping:
  end: 1690468780.9372275
  start: 1690468780.9372146
