event_sleeping:
  end: 1690575479.7054646
  start: 1690575479.7054443
