event_uptime:
  end: 1690575549.284099
  start: 1690575479.7083087
