event_uptime:
  end: 1690575538.955301
  start: 1690575479.7048817
