event_sleeping:
  end: 1690575479.7032397
  start: 1690575479.7032256
