event_sleeping:
  end: 1690575479.7011008
  start: 1690575479.701088
