event_uptime:
  end: 1690575556.5423717
  start: 1690575479.7033267
