event_sleeping:
  end: 1690575479.7004194
  start: 1690575479.7004054
