event_uptime:
  end: 1690575545.064119
  start: 1690575479.7029226
