event_uptime:
  end: 1690575567.0479898
  start: 1690575479.7276356
