event_sleeping:
  end: 1690575479.706855
  start: 1690575479.7067828
