event_sleeping:
  end: 1690575479.7052517
  start: 1690575479.7052343
