event_uptime:
  end: 1690575538.5917058
  start: 1690575479.7073915
