event_sleeping:
  end: 1690575479.7062068
  start: 1690575479.7061949
