event_uptime:
  end: 1690575546.1320522
  start: 1690575479.7290175
