event_sleeping:
  end: 1690575479.7082584
  start: 1690575479.7082446
