event_uptime:
  end: 1690575548.1079304
  start: 1690575479.724689
