event_uptime:
  end: 1690575535.3960648
  start: 1690575479.7678585
