event_sleeping:
  end: 1690575479.7406886
  start: 1690575479.7406716
