event_uptime:
  end: 1690575561.523759
  start: 1690575479.7705722
