event_sleeping:
  end: 1690575479.740945
  start: 1690575479.7409256
