event_sleeping:
  end: 1690575479.7028997
  start: 1690575479.7028742
