event_uptime:
  end: 1690575491.8458095
  start: 1690575479.70511
