event_uptime:
  end: 1690575512.3697069
  start: 1690575479.70918
