event_sleeping:
  end: 1690575479.706069
  start: 1690575479.7060513
