event_sleeping:
  end: 1690596445.1940622
  start: 1690596445.194034
