event_sleeping:
  end: 1690596445.1946716
  start: 1690596445.1943269
