event_sleeping:
  end: 1690596445.1948445
  start: 1690596445.1948376
