event_sleeping:
  end: 1690596445.1946225
  start: 1690596445.194609
