event_uptime:
  end: 1690635451.8281317
  start: 1690635380.2588506
