event_sleeping:
  end: 1690635380.2367516
  start: 1690635380.2367418
