event_sleeping:
  end: 1690635380.296185
  start: 1690635380.2961743
