event_sleeping:
  end: 1690635380.4185777
  start: 1690635380.4185529
