event_uptime:
  end: 1690635803.3637362
  start: 1690635380.3480241
