event_uptime:
  end: 1690635803.2803795
  start: 1690635380.4316123
