event_sleeping:
  end: 1690635380.2955885
  start: 1690635380.2911127
