event_uptime:
  end: 1690635939.3356638
  start: 1690635380.388259
