event_uptime:
  end: 1690635939.465268
  start: 1690635380.2977073
