event_sleeping:
  end: 1690635380.3801432
  start: 1690635380.3801286
