event_sleeping:
  end: 1690635380.2363732
  start: 1690635380.2363644
