event_uptime:
  end: 1690635698.8231869
  start: 1690635380.2389927
