event_sleeping:
  end: 1690635380.296021
  start: 1690635380.296014
