event_uptime:
  end: 1690635698.7238803
  start: 1690635380.324204
