event_sleeping:
  end: 1690597414.0611908
  start: 1690597414.0611763
