event_sleeping:
  end: 1690597414.061494
  start: 1690597414.0614786
