event_sleeping:
  end: 1690597414.061613
  start: 1690597414.0615761
