event_sleeping:
  end: 1690597414.0609803
  start: 1690597414.0609648
