event_sleeping:
  end: 1690473333.3221765
  start: 1690473333.3221612
