event_uptime:
  end: 1690473402.2713401
  start: 1690473333.3253982
