event_uptime:
  end: 1690473392.0225642
  start: 1690473333.347351
