event_sleeping:
  end: 1690473333.3240685
  start: 1690473333.3240535
