event_sleeping:
  end: 1690473333.378118
  start: 1690473333.3780856
