event_uptime:
  end: 1690473409.6271493
  start: 1690473333.40554
