event_sleeping:
  end: 1690473333.3223965
  start: 1690473333.3223813
