event_uptime:
  end: 1690473398.1860545
  start: 1690473333.3430228
