event_sleeping:
  end: 1690473333.3225484
  start: 1690473333.3225362
