event_uptime:
  end: 1690473420.1276832
  start: 1690473333.360609
