event_sleeping:
  end: 1690473333.3253222
  start: 1690473333.325309
