event_uptime:
  end: 1690473345.3989217
  start: 1690473333.3490727
