event_sleeping:
  end: 1690473333.3229868
  start: 1690473333.3229744
