event_uptime:
  end: 1690473365.406335
  start: 1690473333.325608
