event_sleeping:
  end: 1690471473.2923598
  start: 1690471473.292345
