event_uptime:
  end: 1690471584.0866067
  start: 1690471473.3229249
