event_sleeping:
  end: 1690471473.3228536
  start: 1690471473.3228388
