event_uptime:
  end: 1690471577.9281337
  start: 1690471473.362199
