event_uptime:
  end: 1690471587.8767397
  start: 1690471473.3961077
