event_sleeping:
  end: 1690471473.3640924
  start: 1690471473.364045
