event_uptime:
  end: 1690471581.0380483
  start: 1690471473.3955288
