event_sleeping:
  end: 1690471473.387602
  start: 1690471473.3864698
