event_sleeping:
  end: 1690471473.3954551
  start: 1690471473.3954465
