event_uptime:
  end: 1690471627.5319867
  start: 1690471473.4333968
