event_sleeping:
  end: 1690471473.2874773
  start: 1690471473.287468
