event_uptime:
  end: 1690471513.3391824
  start: 1690471473.3124256
