event_sleeping:
  end: 1690471473.2878897
  start: 1690471473.2878823
