event_uptime:
  end: 1690471539.5367332
  start: 1690471473.2920136
