event_sleeping:
  end: 1690407499.3590603
  start: 1690407499.3583024
