event_sleeping:
  end: 1690407499.3605523
  start: 1690407499.3605368
