event_sleeping:
  end: 1690407499.3657544
  start: 1690407499.36574
