event_sleeping:
  end: 1690407499.3622808
  start: 1690407499.3622625
