event_sleeping:
  end: 1690407499.3590357
  start: 1690407499.3590233
