event_sleeping:
  end: 1690407499.3651175
  start: 1690407499.3651025
