event_sleeping:
  end: 1690407499.3603451
  start: 1690407499.360332
