event_sleeping:
  end: 1690407499.3685272
  start: 1690407499.3685095
