event_sleeping:
  end: 1690407499.3593514
  start: 1690407499.358893
