event_sleeping:
  end: 1690407499.3682237
  start: 1690407499.3682103
