event_sleeping:
  end: 1690407499.3630452
  start: 1690407499.3630314
