event_uptime:
  end: 1690566119.3108993
  start: 1690566047.2411377
