event_sleeping:
  end: 1690566047.233729
  start: 1690566047.2337139
