event_uptime:
  end: 1690566470.8408973
  start: 1690566047.4200363
