event_sleeping:
  end: 1690566047.2405581
  start: 1690566047.2405396
