event_sleeping:
  end: 1690566047.3728118
  start: 1690566047.3727717
