event_sleeping:
  end: 1690566047.4199443
  start: 1690566047.419929
