event_uptime:
  end: 1690566470.8117495
  start: 1690566047.265963
