event_sleeping:
  end: 1690566047.416808
  start: 1690566047.4167895
