event_sleeping:
  end: 1690566047.2393782
  start: 1690566047.2393627
