event_uptime:
  end: 1690566470.793562
  start: 1690566047.2687635
