event_uptime:
  end: 1690566470.82631
  start: 1690566047.4835646
