event_uptime:
  end: 1690566470.780347
  start: 1690566047.4114897
