event_uptime:
  end: 1690566606.9219952
  start: 1690566047.3310719
