event_sleeping:
  end: 1690566047.4176269
  start: 1690566047.4176116
