event_uptime:
  end: 1690566606.899922
  start: 1690566047.2402081
