event_sleeping:
  end: 1690566047.3735034
  start: 1690566047.3734648
