event_sleeping:
  end: 1690566047.2352314
  start: 1690566047.2352064
