event_sleeping:
  end: 1690566047.2354593
  start: 1690566047.2354438
