event_uptime:
  end: 1690566606.8454673
  start: 1690566047.238195
