event_uptime:
  end: 1690566606.85889
  start: 1690566047.499614
