event_sleeping:
  end: 1690566047.3091824
  start: 1690566047.309133
