event_uptime:
  end: 1690566606.8783503
  start: 1690566047.4161592
