event_uptime:
  end: 1690566366.2406766
  start: 1690566047.2424948
