event_sleeping:
  end: 1690566047.2371817
  start: 1690566047.2371697
