event_uptime:
  end: 1690566366.2836657
  start: 1690566047.4192955
