event_uptime:
  end: 1690566366.3001842
  start: 1690566047.287074
