event_sleeping:
  end: 1690566047.2349033
  start: 1690566047.2348886
