event_sleeping:
  end: 1690566047.4170206
  start: 1690566047.4170063
