event_sleeping:
  end: 1690566047.2625663
  start: 1690566047.2624884
