event_uptime:
  end: 1690566366.2712693
  start: 1690566047.240846
