event_sleeping:
  end: 1690566047.3902907
  start: 1690566047.3902533
