event_uptime:
  end: 1690566366.3266861
  start: 1690566047.4190197
