event_sleeping:
  end: 1690315599.6681159
  start: 1690315599.668114
