event_uptime:
  end: 1690315666.6479137
  start: 1690315599.6708148
