event_sleeping:
  end: 1690315599.6815956
  start: 1690315599.6815872
