event_uptime:
  end: 1690316002.9499004
  start: 1690315599.6891475
