event_uptime:
  end: 1690316002.907126
  start: 1690315599.6784084
