event_sleeping:
  end: 1690315599.6693275
  start: 1690315599.6693237
