event_uptime:
  end: 1690316002.904552
  start: 1690315599.700279
