event_sleeping:
  end: 1690315599.6686902
  start: 1690315599.6686878
