event_uptime:
  end: 1690316002.9046228
  start: 1690315599.6810958
