event_sleeping:
  end: 1690315599.684782
  start: 1690315599.6847777
