event_sleeping:
  end: 1690315599.6985273
  start: 1690315599.698518
