event_uptime:
  end: 1690316002.9345849
  start: 1690315599.6874788
