event_sleeping:
  end: 1690315599.6701648
  start: 1690315599.670161
