event_sleeping:
  end: 1690315599.6771598
  start: 1690315599.6771553
