event_uptime:
  end: 1690316139.0224907
  start: 1690315599.709352
