event_uptime:
  end: 1690316138.994601
  start: 1690315599.6813533
