event_uptime:
  end: 1690316139.009874
  start: 1690315599.6949644
