event_uptime:
  end: 1690316139.0304296
  start: 1690315599.6771967
