event_sleeping:
  end: 1690315599.691531
  start: 1690315599.691523
