event_sleeping:
  end: 1690315599.6707296
  start: 1690315599.6707258
