event_sleeping:
  end: 1690315599.7000628
  start: 1690315599.7000587
