event_uptime:
  end: 1690316139.0005972
  start: 1690315599.6777868
