event_uptime:
  end: 1690315902.2496192
  start: 1690315599.698582
