event_uptime:
  end: 1690315902.1960745
  start: 1690315599.6700044
