event_sleeping:
  end: 1690315599.6851082
  start: 1690315599.685104
