event_sleeping:
  end: 1690315599.668407
  start: 1690315599.668405
