event_sleeping:
  end: 1690315599.674041
  start: 1690315599.6740327
