event_sleeping:
  end: 1690315599.692677
  start: 1690315599.692673
