event_sleeping:
  end: 1690315599.6677766
  start: 1690315599.6677744
