event_uptime:
  end: 1690315902.183927
  start: 1690315599.6734684
