event_uptime:
  end: 1690315902.206008
  start: 1690315599.6783292
