event_uptime:
  end: 1690315902.2071664
  start: 1690315599.6893852
