event_sleeping:
  end: 1690306924.230109
  start: 1690306924.2301052
