event_sleeping:
  end: 1690306924.227932
  start: 1690306924.2279286
