event_sleeping:
  end: 1690306924.2366004
  start: 1690306924.2365942
