event_sleeping:
  end: 1690306924.228542
  start: 1690306924.2285292
