event_sleeping:
  end: 1690306924.2264528
  start: 1690306924.2264483
