event_sleeping:
  end: 1690306924.2267103
  start: 1690306924.2266939
