event_sleeping:
  end: 1690306924.2296963
  start: 1690306924.2296927
