event_sleeping:
  end: 1690306924.2381895
  start: 1690306924.2381854
