event_sleeping:
  end: 1690306924.2375522
  start: 1690306924.2375484
