event_sleeping:
  end: 1690306924.2294493
  start: 1690306924.2294445
