event_sleeping:
  end: 1690306924.2262747
  start: 1690306924.2262726
