event_sleeping:
  end: 1690581313.233172
  start: 1690581313.2331579
