event_uptime:
  end: 1690581423.7137268
  start: 1690581313.2541637
