event_sleeping:
  end: 1690581313.2333558
  start: 1690581313.2333486
