event_uptime:
  end: 1690581417.528837
  start: 1690581313.2569485
