event_uptime:
  end: 1690581353.2791417
  start: 1690581313.2355113
