event_sleeping:
  end: 1690581313.2326303
  start: 1690581313.2326224
