event_sleeping:
  end: 1690581313.233045
  start: 1690581313.2330246
