event_uptime:
  end: 1690581379.128956
  start: 1690581313.2366126
