event_uptime:
  end: 1690636092.3794017
  start: 1690636023.8499756
