event_sleeping:
  end: 1690636023.8477614
  start: 1690636023.8477464
