event_sleeping:
  end: 1690636024.027657
  start: 1690636024.0276504
