event_sleeping:
  end: 1690636025.4121377
  start: 1690636025.412131
