event_uptime:
  end: 1690636428.5087538
  start: 1690636025.4686575
