event_uptime:
  end: 1690636428.419676
  start: 1690636025.8772135
