event_sleeping:
  end: 1690636024.3696644
  start: 1690636024.369657
