event_sleeping:
  end: 1690636024.9758663
  start: 1690636024.9758546
