event_sleeping:
  end: 1690636025.0944564
  start: 1690636025.0944479
