event_uptime:
  end: 1690636428.4144304
  start: 1690636024.5749679
