event_uptime:
  end: 1690636428.4790986
  start: 1690636024.503721
