event_sleeping:
  end: 1690636026.1045015
  start: 1690636026.1044946
