event_uptime:
  end: 1690636428.5854688
  start: 1690636024.952772
