event_sleeping:
  end: 1690636024.704355
  start: 1690636024.7043483
