event_uptime:
  end: 1690636428.301674
  start: 1690636024.2278554
