event_sleeping:
  end: 1690636023.9432003
  start: 1690636023.9431932
