event_uptime:
  end: 1690636428.5783901
  start: 1690636026.0017838
