event_sleeping:
  end: 1690636024.2832227
  start: 1690636024.2832046
