event_sleeping:
  end: 1690636024.8692973
  start: 1690636024.869291
