event_uptime:
  end: 1690636428.5196853
  start: 1690636025.888952
