event_uptime:
  end: 1690636428.5748925
  start: 1690636026.147652
