event_sleeping:
  end: 1690636025.828561
  start: 1690636025.8285427
