event_uptime:
  end: 1690636428.627075
  start: 1690636024.7843263
