event_uptime:
  end: 1690636428.3501785
  start: 1690636023.9735591
