event_uptime:
  end: 1690636428.3973498
  start: 1690636025.22322
