event_uptime:
  end: 1690636428.61116
  start: 1690636024.311671
