event_sleeping:
  end: 1690636025.9674022
  start: 1690636025.9405527
