event_sleeping:
  end: 1690636024.5699995
  start: 1690636024.5699868
