event_sleeping:
  end: 1690636025.8768919
  start: 1690636025.8768764
