event_sleeping:
  end: 1690636025.5356002
  start: 1690636025.531369
