event_uptime:
  end: 1690636428.4040112
  start: 1690636025.0249662
