event_uptime:
  end: 1690636428.4475286
  start: 1690636025.666433
