event_sleeping:
  end: 1690636025.880785
  start: 1690636025.8807724
