event_sleeping:
  end: 1690636025.4119706
  start: 1690636025.4119635
