event_sleeping:
  end: 1690636023.8981855
  start: 1690636023.898174
