event_uptime:
  end: 1690636564.733139
  start: 1690636024.3716297
