event_sleeping:
  end: 1690636026.012325
  start: 1690636026.012302
