event_uptime:
  end: 1690636564.5136395
  start: 1690636025.0740287
