event_sleeping:
  end: 1690636024.3650935
  start: 1690636024.3650854
