event_uptime:
  end: 1690636564.8036537
  start: 1690636026.1024349
