event_uptime:
  end: 1690636564.7678576
  start: 1690636024.15402
