event_uptime:
  end: 1690636564.5434763
  start: 1690636025.7548683
