event_sleeping:
  end: 1690636024.971628
  start: 1690636024.9669938
