event_uptime:
  end: 1690636564.6278265
  start: 1690636025.082862
