event_uptime:
  end: 1690636564.6247692
  start: 1690636025.6651468
