event_uptime:
  end: 1690636564.543046
  start: 1690636024.0259635
