event_uptime:
  end: 1690636564.5785072
  start: 1690636023.9407454
