event_uptime:
  end: 1690636564.7218134
  start: 1690636024.5752056
