event_uptime:
  end: 1690636564.687967
  start: 1690636025.3557165
