event_sleeping:
  end: 1690636024.690936
  start: 1690636024.6909285
