event_uptime:
  end: 1690636564.5998402
  start: 1690636025.4196165
