event_uptime:
  end: 1690636564.7113883
  start: 1690636024.7077627
