event_sleeping:
  end: 1690636025.283856
  start: 1690636025.2838469
