event_sleeping:
  end: 1690636024.136189
  start: 1690636024.136172
