event_sleeping:
  end: 1690636024.867973
  start: 1690636024.8679643
