event_sleeping:
  end: 1690636024.5594244
  start: 1690636024.519736
