event_sleeping:
  end: 1690636025.0766003
  start: 1690636025.0765934
