event_sleeping:
  end: 1690636025.6242008
  start: 1690636025.6241949
