event_sleeping:
  end: 1690636025.5676029
  start: 1690636025.567595
