event_sleeping:
  end: 1690636024.020216
  start: 1690636024.0202086
