event_uptime:
  end: 1690636564.721109
  start: 1690636024.8865538
