event_sleeping:
  end: 1690636024.0238748
  start: 1690636024.0238574
