event_sleeping:
  end: 1690636025.6120238
  start: 1690636025.6120164
