event_sleeping:
  end: 1690636024.8968701
  start: 1690636024.8790283
