event_sleeping:
  end: 1690636024.547305
  start: 1690636024.5472898
