event_uptime:
  end: 1690636327.871854
  start: 1690636026.0602016
