event_uptime:
  end: 1690636327.7943552
  start: 1690636025.6318352
