event_uptime:
  end: 1690636327.5994527
  start: 1690636025.0002742
