event_sleeping:
  end: 1690636024.1363819
  start: 1690636024.1363566
