event_sleeping:
  end: 1690636025.0825102
  start: 1690636025.0825033
