event_uptime:
  end: 1690636327.9307663
  start: 1690636024.41564
