event_uptime:
  end: 1690636327.7945914
  start: 1690636025.6047518
