event_sleeping:
  end: 1690636023.8979123
  start: 1690636023.8979037
