event_uptime:
  end: 1690636327.767859
  start: 1690636025.843773
