event_uptime:
  end: 1690636327.7358446
  start: 1690636023.9000478
