event_sleeping:
  end: 1690636024.704015
  start: 1690636024.7040088
