event_uptime:
  end: 1690636327.729769
  start: 1690636024.5703187
