event_uptime:
  end: 1690636327.7343597
  start: 1690636025.6718433
