event_sleeping:
  end: 1690636026.0327668
  start: 1690636026.0327458
