event_sleeping:
  end: 1690636025.610922
  start: 1690636025.6109145
