event_uptime:
  end: 1690636327.924799
  start: 1690636025.0941868
