event_sleeping:
  end: 1690636024.3079138
  start: 1690636024.3079064
