event_sleeping:
  end: 1690636025.1254537
  start: 1690636025.125439
