event_sleeping:
  end: 1690636025.4123497
  start: 1690636025.4123425
