event_sleeping:
  end: 1690636024.773442
  start: 1690636024.7734308
