event_uptime:
  end: 1690636327.9108396
  start: 1690636024.1839075
