event_uptime:
  end: 1690636327.931317
  start: 1690636024.7374842
