event_sleeping:
  end: 1690636025.8363993
  start: 1690636025.8363883
