event_uptime:
  end: 1690636327.9887333
  start: 1690636025.30848
