event_uptime:
  end: 1690636327.902457
  start: 1690636024.8292093
