event_uptime:
  end: 1690636327.6480136
  start: 1690636024.067722
