event_sleeping:
  end: 1690330544.7601452
  start: 1690330544.7601364
