event_sleeping:
  end: 1690330544.7059584
  start: 1690330544.7059548
