event_sleeping:
  end: 1690330544.7775097
  start: 1690330544.7775056
