event_sleeping:
  end: 1690330544.704253
  start: 1690330544.704249
