event_sleeping:
  end: 1690330544.8043616
  start: 1690330544.8043547
