event_sleeping:
  end: 1690330544.7714431
  start: 1690330544.7714393
