event_sleeping:
  end: 1690330544.7915494
  start: 1690330544.7915454
