event_sleeping:
  end: 1690330544.7494328
  start: 1690330544.749428
