event_sleeping:
  end: 1690330544.7315962
  start: 1690330544.73159
