event_sleeping:
  end: 1690330544.7209866
  start: 1690330544.720978
