event_sleeping:
  end: 1690330544.7498991
  start: 1690330544.7498941
