event_sleeping:
  end: 1690330544.79873
  start: 1690330544.7987256
