event_sleeping:
  end: 1690330544.7058263
  start: 1690330544.705413
