event_sleeping:
  end: 1690330544.7562935
  start: 1690330544.7562892
