event_sleeping:
  end: 1690330544.7703195
  start: 1690330544.7703135
