event_sleeping:
  end: 1690330544.7016082
  start: 1690330544.7016041
