event_sleeping:
  end: 1690330544.7151892
  start: 1690330544.7151797
