event_sleeping:
  end: 1690330544.7280767
  start: 1690330544.728073
