event_sleeping:
  end: 1690330544.7772977
  start: 1690330544.7772932
