event_sleeping:
  end: 1690330544.785589
  start: 1690330544.785585
