event_sleeping:
  end: 1690330544.7716475
  start: 1690330544.7716436
