event_sleeping:
  end: 1690330544.7616744
  start: 1690330544.7616694
