event_sleeping:
  end: 1690330544.8055475
  start: 1690330544.8055434
