event_sleeping:
  end: 1690330544.7514758
  start: 1690330544.7514715
