event_sleeping:
  end: 1690330544.7007213
  start: 1690330544.7007172
