event_sleeping:
  end: 1690330544.7336128
  start: 1690330544.7331007
