event_sleeping:
  end: 1690330544.7076895
  start: 1690330544.7076857
