event_sleeping:
  end: 1690330544.7051916
  start: 1690330544.7051873
