event_sleeping:
  end: 1690330544.7715805
  start: 1690330544.7715764
