event_sleeping:
  end: 1690330544.7837358
  start: 1690330544.7837317
