event_sleeping:
  end: 1690330544.7242334
  start: 1690330544.7242255
