event_sleeping:
  end: 1690330544.7030911
  start: 1690330544.7030873
