event_sleeping:
  end: 1690330544.7651393
  start: 1690330544.765135
