event_sleeping:
  end: 1690330544.7087305
  start: 1690330544.708726
