event_sleeping:
  end: 1690330544.7425113
  start: 1690330544.742503
