event_sleeping:
  end: 1690330544.7764556
  start: 1690330544.7764509
