event_sleeping:
  end: 1690330544.783999
  start: 1690330544.783995
