event_sleeping:
  end: 1690330544.7262313
  start: 1690330544.7262273
