event_sleeping:
  end: 1690330544.809264
  start: 1690330544.8092594
