event_sleeping:
  end: 1690330544.7560594
  start: 1690330544.7560554
