event_sleeping:
  end: 1690330544.7984905
  start: 1690330544.7984865
