event_sleeping:
  end: 1690330544.792311
  start: 1690330544.792307
