event_sleeping:
  end: 1690330544.752245
  start: 1690330544.752241
