event_sleeping:
  end: 1690330544.7083275
  start: 1690330544.7083235
