event_sleeping:
  end: 1690330544.784335
  start: 1690330544.7843308
