event_sleeping:
  end: 1690330544.702755
  start: 1690330544.7027514
