event_sleeping:
  end: 1690330544.7718167
  start: 1690330544.7718117
