event_sleeping:
  end: 1690330544.7272415
  start: 1690330544.7272377
