event_sleeping:
  end: 1690330544.7637339
  start: 1690330544.7637296
