event_sleeping:
  end: 1690330544.8125377
  start: 1690330544.8125331
