event_uptime:
  end: 1690594184.083113
  start: 1690594111.455366
