event_sleeping:
  end: 1690594111.45063
  start: 1690594111.450617
