event_uptime:
  end: 1690594535.4301417
  start: 1690594111.711051
