event_uptime:
  end: 1690594535.389199
  start: 1690594111.4631143
