event_uptime:
  end: 1690594535.3234973
  start: 1690594111.9097497
