event_uptime:
  end: 1690594535.4510117
  start: 1690594111.4566367
