event_uptime:
  end: 1690594535.3547628
  start: 1690594111.8344233
