event_uptime:
  end: 1690594535.3380957
  start: 1690594111.7063386
