event_sleeping:
  end: 1690594111.5566928
  start: 1690594111.5566795
