event_sleeping:
  end: 1690594111.8303306
  start: 1690594111.8303156
