event_sleeping:
  end: 1690594111.688052
  start: 1690594111.688037
