event_sleeping:
  end: 1690594111.6876843
  start: 1690594111.6876702
