event_sleeping:
  end: 1690594111.5129824
  start: 1690594111.512966
