event_sleeping:
  end: 1690594111.714653
  start: 1690594111.7146225
