event_uptime:
  end: 1690594535.4669209
  start: 1690594111.773665
