event_uptime:
  end: 1690594535.4991198
  start: 1690594111.5790818
