event_uptime:
  end: 1690594535.4828908
  start: 1690594111.5482416
