event_sleeping:
  end: 1690594111.4590514
  start: 1690594111.4590323
