event_sleeping:
  end: 1690594111.8356967
  start: 1690594111.835684
