event_sleeping:
  end: 1690594111.4614677
  start: 1690594111.4614503
