event_uptime:
  end: 1690594535.3737504
  start: 1690594111.4893076
