event_sleeping:
  end: 1690594111.4529095
  start: 1690594111.4528942
