event_uptime:
  end: 1690594671.5219157
  start: 1690594111.6648545
