event_sleeping:
  end: 1690594111.4553404
  start: 1690594111.455324
