event_sleeping:
  end: 1690594111.6235263
  start: 1690594111.623514
