event_uptime:
  end: 1690594671.4399426
  start: 1690594111.927037
