event_uptime:
  end: 1690594671.538763
  start: 1690594111.6011806
