event_sleeping:
  end: 1690594111.5264757
  start: 1690594111.5264328
