event_sleeping:
  end: 1690594111.7336667
  start: 1690594111.7336516
