event_sleeping:
  end: 1690594111.8340716
  start: 1690594111.834058
