event_uptime:
  end: 1690594671.5090544
  start: 1690594111.4590845
