event_sleeping:
  end: 1690594111.7114131
  start: 1690594111.7113955
