event_uptime:
  end: 1690594671.495801
  start: 1690594111.714109
