event_sleeping:
  end: 1690594111.7121058
  start: 1690594111.7120917
