event_uptime:
  end: 1690594671.4594495
  start: 1690594111.7581463
