event_sleeping:
  end: 1690594111.5548398
  start: 1690594111.5548222
