event_uptime:
  end: 1690594671.5834866
  start: 1690594111.5564585
