event_sleeping:
  end: 1690594111.4625452
  start: 1690594111.462527
