event_uptime:
  end: 1690594671.4746644
  start: 1690594111.7147014
