event_uptime:
  end: 1690594671.5998912
  start: 1690594111.4906318
