event_sleeping:
  end: 1690594111.4559157
  start: 1690594111.4558995
