event_uptime:
  end: 1690594671.563279
  start: 1690594111.4573877
