event_sleeping:
  end: 1690594111.7298477
  start: 1690594111.7298226
