event_uptime:
  end: 1690594430.882568
  start: 1690594111.4888687
