event_uptime:
  end: 1690594430.8038297
  start: 1690594111.7579346
