event_sleeping:
  end: 1690594111.49029
  start: 1690594111.4902754
