event_sleeping:
  end: 1690594111.578301
  start: 1690594111.578286
