event_uptime:
  end: 1690594430.9633467
  start: 1690594111.683958
