event_sleeping:
  end: 1690594111.4608212
  start: 1690594111.4608028
