event_uptime:
  end: 1690594430.889677
  start: 1690594111.7550757
