event_uptime:
  end: 1690594430.8230417
  start: 1690594111.8367908
