event_uptime:
  end: 1690594430.97542
  start: 1690594111.508805
