event_uptime:
  end: 1690594430.862611
  start: 1690594111.46095
