event_uptime:
  end: 1690594430.983121
  start: 1690594111.5567114
