event_sleeping:
  end: 1690594111.8336906
  start: 1690594111.8336775
