event_uptime:
  end: 1690594430.846776
  start: 1690594111.6039987
