event_sleeping:
  end: 1690594111.4585602
  start: 1690594111.4585283
