event_sleeping:
  end: 1690594111.664789
  start: 1690594111.664771
