event_uptime:
  end: 1690594430.9385483
  start: 1690594111.4557078
