event_sleeping:
  end: 1690594111.7144487
  start: 1690594111.714418
