event_sleeping:
  end: 1690594111.5541816
  start: 1690594111.554168
