event_sleeping:
  end: 1690594111.4511197
  start: 1690594111.4511015
