event_sleeping:
  end: 1690329302.2787428
  start: 1690329302.278738
