event_sleeping:
  end: 1690329302.2616904
  start: 1690329302.2616825
