event_sleeping:
  end: 1690329302.2531958
  start: 1690329302.2531917
