event_sleeping:
  end: 1690329302.3039424
  start: 1690329302.3039355
