event_sleeping:
  end: 1690329302.288803
  start: 1690329302.288799
