event_sleeping:
  end: 1690329302.2519295
  start: 1690329302.2519257
