event_sleeping:
  end: 1690329302.301315
  start: 1690329302.301308
