event_sleeping:
  end: 1690329302.278403
  start: 1690329302.2783978
