event_sleeping:
  end: 1690329302.2560601
  start: 1690329302.2560565
