event_sleeping:
  end: 1690329302.288152
  start: 1690329302.2881458
