event_sleeping:
  end: 1690329302.2515109
  start: 1690329302.2515073
