event_sleeping:
  end: 1690329302.2671845
  start: 1690329302.2671747
