event_sleeping:
  end: 1690329302.2791138
  start: 1690329302.2791073
