event_sleeping:
  end: 1690329302.2915456
  start: 1690329302.2915378
