event_sleeping:
  end: 1690329302.2520547
  start: 1690329302.252051
