event_sleeping:
  end: 1690329302.308398
  start: 1690329302.3083935
