event_sleeping:
  end: 1690329302.2876003
  start: 1690329302.2875965
