event_sleeping:
  end: 1690329302.296119
  start: 1690329302.2961142
