event_sleeping:
  end: 1690329302.2550595
  start: 1690329302.2550557
