event_sleeping:
  end: 1690329302.3081646
  start: 1690329302.3081608
