event_sleeping:
  end: 1690329302.2749965
  start: 1690329302.2744403
