event_sleeping:
  end: 1690329302.294795
  start: 1690329302.2947876
