event_sleeping:
  end: 1690329302.2830381
  start: 1690329302.2830276
