event_sleeping:
  end: 1690329302.3054135
  start: 1690329302.3054094
