event_sleeping:
  end: 1690329302.2538502
  start: 1690329302.2538457
