event_sleeping:
  end: 1690329302.2715523
  start: 1690329302.2715485
