event_uptime:
  end: 1690488579.6680174
  start: 1690488511.2773323
