event_sleeping:
  end: 1690488511.274519
  start: 1690488511.2744856
