event_sleeping:
  end: 1690488511.6534107
  start: 1690488511.6526191
