event_sleeping:
  end: 1690488511.7380254
  start: 1690488511.7380087
