event_sleeping:
  end: 1690488511.4807441
  start: 1690488511.4807186
