event_uptime:
  end: 1690488915.7602165
  start: 1690488511.647483
