event_sleeping:
  end: 1690488511.3204892
  start: 1690488511.3204613
