event_sleeping:
  end: 1690488511.6278965
  start: 1690488511.6278794
