event_sleeping:
  end: 1690488511.7822888
  start: 1690488511.7822754
