event_sleeping:
  end: 1690488511.2725396
  start: 1690488511.2725258
