event_uptime:
  end: 1690488915.8214197
  start: 1690488511.8010223
