event_sleeping:
  end: 1690488511.3743966
  start: 1690488511.3743842
