event_sleeping:
  end: 1690488511.781351
  start: 1690488511.7813356
