event_sleeping:
  end: 1690488511.549427
  start: 1690488511.549414
