event_uptime:
  end: 1690488915.8832674
  start: 1690488511.4474165
