event_uptime:
  end: 1690488915.8839545
  start: 1690488511.2769191
