event_sleeping:
  end: 1690488511.5252006
  start: 1690488511.5251863
