event_uptime:
  end: 1690488915.9226627
  start: 1690488511.4896722
