event_uptime:
  end: 1690488915.7588155
  start: 1690488511.8188128
