event_uptime:
  end: 1690488915.7940562
  start: 1690488511.5494978
