event_uptime:
  end: 1690488915.947156
  start: 1690488511.6851854
