event_uptime:
  end: 1690488915.8820462
  start: 1690488511.762357
