event_uptime:
  end: 1690488915.7951632
  start: 1690488511.7407835
