event_uptime:
  end: 1690488915.7700806
  start: 1690488511.4854972
