event_sleeping:
  end: 1690488511.686171
  start: 1690488511.6861575
