event_sleeping:
  end: 1690488511.2702928
  start: 1690488511.270248
