event_uptime:
  end: 1690488915.8506327
  start: 1690488511.7050734
