event_uptime:
  end: 1690488915.9173174
  start: 1690488511.3244576
