event_sleeping:
  end: 1690488511.4872723
  start: 1690488511.487259
