event_uptime:
  end: 1690488915.737419
  start: 1690488511.5679617
