event_sleeping:
  end: 1690488511.7415133
  start: 1690488511.7414994
