event_uptime:
  end: 1690489051.8061597
  start: 1690488511.7349517
