event_sleeping:
  end: 1690488511.7430923
  start: 1690488511.7430768
