event_uptime:
  end: 1690489051.9953115
  start: 1690488511.3218415
