event_sleeping:
  end: 1690488511.685941
  start: 1690488511.6859274
