event_uptime:
  end: 1690489051.891039
  start: 1690488511.5506501
