event_sleeping:
  end: 1690488511.2763166
  start: 1690488511.2763019
