event_uptime:
  end: 1690489051.8785431
  start: 1690488511.4649267
