event_uptime:
  end: 1690489051.8227062
  start: 1690488511.2708755
