event_sleeping:
  end: 1690488511.6487331
  start: 1690488511.6487179
