event_uptime:
  end: 1690489051.9540672
  start: 1690488511.651937
