event_uptime:
  end: 1690489051.9432557
  start: 1690488511.3023763
