event_sleeping:
  end: 1690488511.7058668
  start: 1690488511.705854
