event_uptime:
  end: 1690489051.8488934
  start: 1690488511.6273222
