event_uptime:
  end: 1690489051.8469176
  start: 1690488511.7637887
