event_sleeping:
  end: 1690488511.26831
  start: 1690488511.2682996
