event_sleeping:
  end: 1690488511.6079352
  start: 1690488511.6079173
