event_uptime:
  end: 1690489051.9107914
  start: 1690488511.777508
