event_uptime:
  end: 1690489051.9231722
  start: 1690488511.8212147
