event_uptime:
  end: 1690489051.9733918
  start: 1690488511.700509
