event_sleeping:
  end: 1690488511.3039582
  start: 1690488511.3039372
