event_sleeping:
  end: 1690488511.7412994
  start: 1690488511.741286
