event_sleeping:
  end: 1690488511.296747
  start: 1690488511.2967288
