event_sleeping:
  end: 1690488511.801589
  start: 1690488511.8015723
