event_sleeping:
  end: 1690488511.4868808
  start: 1690488511.4868658
