event_uptime:
  end: 1690489052.015551
  start: 1690488511.4905837
