event_sleeping:
  end: 1690488511.4481394
  start: 1690488511.4481251
