event_sleeping:
  end: 1690488511.529599
  start: 1690488511.529585
