event_uptime:
  end: 1690489051.8680804
  start: 1690488511.4911015
