event_uptime:
  end: 1690489051.9577804
  start: 1690488511.3223195
