event_sleeping:
  end: 1690488511.489008
  start: 1690488511.4889948
