event_uptime:
  end: 1690488815.4169161
  start: 1690488511.7628841
