event_sleeping:
  end: 1690488511.2717826
  start: 1690488511.2717683
