event_uptime:
  end: 1690488815.585063
  start: 1690488511.8207095
