event_sleeping:
  end: 1690488511.4840121
  start: 1690488511.4839985
