event_uptime:
  end: 1690488815.5301023
  start: 1690488511.6228862
