event_uptime:
  end: 1690488815.5645225
  start: 1690488511.6839495
