event_uptime:
  end: 1690488815.3803902
  start: 1690488511.5275917
