event_uptime:
  end: 1690488815.515924
  start: 1690488511.487302
