event_sleeping:
  end: 1690488511.4316528
  start: 1690488511.431638
