event_sleeping:
  end: 1690488511.2738295
  start: 1690488511.2738123
