event_sleeping:
  end: 1690488511.5266924
  start: 1690488511.526678
