event_uptime:
  end: 1690488815.5923274
  start: 1690488511.6656132
