event_uptime:
  end: 1690488815.6407356
  start: 1690488511.764143
