event_sleeping:
  end: 1690488511.7594085
  start: 1690488511.759393
