event_sleeping:
  end: 1690488511.52458
  start: 1690488511.5245662
