event_uptime:
  end: 1690488815.5453045
  start: 1690488511.322472
