event_sleeping:
  end: 1690488511.2946208
  start: 1690488511.278479
