event_sleeping:
  end: 1690488511.588719
  start: 1690488511.5887053
