event_uptime:
  end: 1690488815.468852
  start: 1690488511.7040026
