event_uptime:
  end: 1690488815.4918163
  start: 1690488511.530405
