event_sleeping:
  end: 1690488511.300018
  start: 1690488511.2999995
