event_uptime:
  end: 1690488815.437355
  start: 1690488511.2768147
