event_uptime:
  end: 1690488815.4637847
  start: 1690488511.2781665
