event_sleeping:
  end: 1690488511.6863892
  start: 1690488511.6863723
