event_sleeping:
  end: 1690488511.652865
  start: 1690488511.6528502
