event_sleeping:
  end: 1690488511.6522574
  start: 1690488511.6522439
