event_sleeping:
  end: 1690488511.7820225
  start: 1690488511.7820084
