event_uptime:
  end: 1690488815.4152179
  start: 1690488511.4484816
