event_sleeping:
  end: 1690488511.740984
  start: 1690488511.7409687
