event_uptime:
  end: 1690488815.5718296
  start: 1690488511.3246024
