event_sleeping:
  end: 1690468405.8319063
  start: 1690468405.8318923
