event_uptime:
  end: 1690468475.4514892
  start: 1690468405.9220445
