event_uptime:
  end: 1690468465.0961516
  start: 1690468405.8358235
