event_sleeping:
  end: 1690468405.8304732
  start: 1690468405.8304205
