event_sleeping:
  end: 1690468405.833094
  start: 1690468405.8330724
