event_uptime:
  end: 1690468482.6752765
  start: 1690468405.8634439
