event_uptime:
  end: 1690468471.2566345
  start: 1690468405.8764632
