event_sleeping:
  end: 1690468405.8338957
  start: 1690468405.8338778
