event_sleeping:
  end: 1690468405.8324552
  start: 1690468405.8324423
