event_uptime:
  end: 1690468493.2066448
  start: 1690468405.8611536
