event_uptime:
  end: 1690468464.7837725
  start: 1690468405.9233155
