event_sleeping:
  end: 1690468405.834082
  start: 1690468405.833972
