event_sleeping:
  end: 1690468405.8332849
  start: 1690468405.8332665
