event_uptime:
  end: 1690468472.2394073
  start: 1690468405.9237804
