event_uptime:
  end: 1690468474.4831324
  start: 1690468405.8802924
