event_sleeping:
  end: 1690468405.83375
  start: 1690468405.833715
