event_sleeping:
  end: 1690468405.833504
  start: 1690468405.8334966
