event_uptime:
  end: 1690468461.5560963
  start: 1690468405.9234822
