event_uptime:
  end: 1690468487.6271214
  start: 1690468405.9216971
