event_sleeping:
  end: 1690468405.834058
  start: 1690468405.8340394
