event_sleeping:
  end: 1690468405.8321989
  start: 1690468405.832159
