event_uptime:
  end: 1690468417.9562654
  start: 1690468405.9175272
