event_uptime:
  end: 1690468438.5281906
  start: 1690468405.8360684
