event_sleeping:
  end: 1690468405.8312948
  start: 1690468405.8312774
