event_sleeping:
  end: 1690490821.166793
  start: 1690490821.1667793
