event_uptime:
  end: 1690490887.8312454
  start: 1690490821.1849236
