event_sleeping:
  end: 1690490821.1692638
  start: 1690490821.1692498
