event_uptime:
  end: 1690491224.1706047
  start: 1690490821.191171
