event_sleeping:
  end: 1690490821.168055
  start: 1690490821.1680415
