event_uptime:
  end: 1690491224.1273136
  start: 1690490821.1915288
