event_sleeping:
  end: 1690490821.1660082
  start: 1690490821.164777
