event_uptime:
  end: 1690491360.247206
  start: 1690490821.1901975
