event_uptime:
  end: 1690491360.2699897
  start: 1690490821.1693025
