event_sleeping:
  end: 1690490821.1659806
  start: 1690490821.1659648
