event_sleeping:
  end: 1690490821.1641405
  start: 1690490821.1641269
