event_uptime:
  end: 1690491123.3949869
  start: 1690490821.168527
