event_sleeping:
  end: 1690490821.1644664
  start: 1690490821.164441
