event_uptime:
  end: 1690491123.4308636
  start: 1690490821.1877575
