event_sleeping:
  end: 1690596778.7032828
  start: 1690596778.7032514
