event_sleeping:
  end: 1690596778.7079034
  start: 1690596778.7078915
