event_sleeping:
  end: 1690596778.8827689
  start: 1690596778.8827386
