event_sleeping:
  end: 1690596778.830185
  start: 1690596778.8301523
