event_sleeping:
  end: 1690596778.7051713
  start: 1690596778.705153
