event_sleeping:
  end: 1690596778.7933488
  start: 1690596778.7933276
