event_sleeping:
  end: 1690596778.796359
  start: 1690596778.7963278
