event_sleeping:
  end: 1690596778.7106364
  start: 1690596778.7106235
