event_sleeping:
  end: 1690596778.8493717
  start: 1690596778.8493578
