event_sleeping:
  end: 1690596778.8486218
  start: 1690596778.8486083
