event_sleeping:
  end: 1690596778.7733483
  start: 1690596778.7733328
