event_sleeping:
  end: 1690596778.90335
  start: 1690596778.9033294
