event_sleeping:
  end: 1690596778.811341
  start: 1690596778.8113077
