event_sleeping:
  end: 1690596778.752952
  start: 1690596778.7529345
