event_sleeping:
  end: 1690596778.844286
  start: 1690596778.84427
