event_sleeping:
  end: 1690596778.7260482
  start: 1690596778.7259898
