event_sleeping:
  end: 1690596778.7737586
  start: 1690596778.7737362
