event_sleeping:
  end: 1690596778.7063842
  start: 1690596778.7063708
