event_sleeping:
  end: 1690596778.868684
  start: 1690596778.868672
