event_sleeping:
  end: 1690596778.8480964
  start: 1690596778.8480833
