event_sleeping:
  end: 1690596778.704291
  start: 1690596778.7039306
