event_sleeping:
  end: 1690469961.0774891
  start: 1690469961.0774753
