event_sleeping:
  end: 1690469961.0818117
  start: 1690469961.0817986
