event_sleeping:
  end: 1690469961.084351
  start: 1690469961.0843377
