event_sleeping:
  end: 1690469961.079075
  start: 1690469961.0790596
