event_sleeping:
  end: 1690469961.0742815
  start: 1690469961.0742671
