event_sleeping:
  end: 1690469961.079869
  start: 1690469961.079853
