event_sleeping:
  end: 1690469961.0812445
  start: 1690469961.0812297
