event_sleeping:
  end: 1690469961.0815353
  start: 1690469961.081516
