event_sleeping:
  end: 1690469961.074937
  start: 1690469961.074922
