event_sleeping:
  end: 1690469961.0788667
  start: 1690469961.0788534
