event_sleeping:
  end: 1690469961.1216185
  start: 1690469961.084905
