event_sleeping:
  end: 1690469961.0786483
  start: 1690469961.078636
