event_sleeping:
  end: 1690547001.4411159
  start: 1690547001.4411025
