event_sleeping:
  end: 1690547001.4859354
  start: 1690547001.4859178
