event_sleeping:
  end: 1690547001.4644847
  start: 1690547001.464469
