event_sleeping:
  end: 1690547001.4368248
  start: 1690547001.4367933
