event_sleeping:
  end: 1690547001.4373665
  start: 1690547001.4373531
