event_sleeping:
  end: 1690547001.504703
  start: 1690547001.5046852
