event_sleeping:
  end: 1690547001.4365287
  start: 1690547001.436515
