event_sleeping:
  end: 1690547001.5223167
  start: 1690547001.5222797
