event_sleeping:
  end: 1690547001.4830017
  start: 1690547001.4829755
