event_sleeping:
  end: 1690547001.5432963
  start: 1690547001.5432763
