event_sleeping:
  end: 1690547001.4415414
  start: 1690547001.4415288
