event_sleeping:
  end: 1690575299.0567741
  start: 1690575299.05676
