event_uptime:
  end: 1690575410.663193
  start: 1690575299.0627723
