event_sleeping:
  end: 1690575299.0572982
  start: 1690575299.0572834
