event_uptime:
  end: 1690575404.3630846
  start: 1690575299.0626557
