event_sleeping:
  end: 1690575299.058557
  start: 1690575299.058544
