event_uptime:
  end: 1690575414.3393455
  start: 1690575299.06251
