event_sleeping:
  end: 1690575299.0597987
  start: 1690575299.0597858
