event_uptime:
  end: 1690575407.5438282
  start: 1690575299.063191
