event_uptime:
  end: 1690575454.1362104
  start: 1690575299.1270857
