event_sleeping:
  end: 1690575299.0630968
  start: 1690575299.0630832
