event_sleeping:
  end: 1690575299.15404
  start: 1690575299.154003
