event_uptime:
  end: 1690575402.099046
  start: 1690575299.1581926
