event_sleeping:
  end: 1690575299.1593258
  start: 1690575299.1593084
