event_uptime:
  end: 1690575407.5226972
  start: 1690575299.1747034
