event_uptime:
  end: 1690575411.3673532
  start: 1690575299.221008
