event_sleeping:
  end: 1690575299.1574523
  start: 1690575299.1574402
