event_uptime:
  end: 1690575401.7910836
  start: 1690575299.1593611
