event_sleeping:
  end: 1690575299.1571522
  start: 1690575299.1571386
