event_sleeping:
  end: 1690575299.157587
  start: 1690575299.1575732
