event_uptime:
  end: 1690575426.366909
  start: 1690575299.1619947
