event_uptime:
  end: 1690575339.255287
  start: 1690575299.0606616
