event_sleeping:
  end: 1690575299.0562267
  start: 1690575299.0562124
