event_uptime:
  end: 1690575366.1395957
  start: 1690575299.061729
