event_sleeping:
  end: 1690575299.056363
  start: 1690575299.056348
