event_uptime:
  end: 1690630627.3523543
  start: 1690630555.755106
