event_sleeping:
  end: 1690630555.7502246
  start: 1690630555.7502046
