event_uptime:
  end: 1690630978.7592835
  start: 1690630555.7773097
