event_uptime:
  end: 1690630978.6042135
  start: 1690630555.7558799
