event_sleeping:
  end: 1690630555.7520537
  start: 1690630555.7520387
