event_sleeping:
  end: 1690630555.7504704
  start: 1690630555.75045
