event_sleeping:
  end: 1690630555.751123
  start: 1690630555.7511046
