event_uptime:
  end: 1690631114.8763313
  start: 1690630555.7553182
