event_uptime:
  end: 1690631114.8988376
  start: 1690630555.7566953
