event_sleeping:
  end: 1690630555.7508895
  start: 1690630555.750876
