event_uptime:
  end: 1690630874.2192183
  start: 1690630555.756193
