event_uptime:
  end: 1690630874.2310047
  start: 1690630555.7560818
