event_sleeping:
  end: 1690630555.7507923
  start: 1690630555.7507737
