event_sleeping:
  end: 1690400219.3504121
  start: 1690400219.350385
