event_sleeping:
  end: 1690400219.3516097
  start: 1690400219.351596
