event_sleeping:
  end: 1690400219.352916
  start: 1690400219.3528984
