event_sleeping:
  end: 1690400219.3499033
  start: 1690400219.349889
