event_sleeping:
  end: 1690400219.349762
  start: 1690400219.3497305
