event_sleeping:
  end: 1690400219.350545
  start: 1690400219.3505316
