event_sleeping:
  end: 1690440397.9838877
  start: 1690440397.983575
