event_uptime:
  end: 1690440469.4401257
  start: 1690440398.004787
