event_uptime:
  end: 1690440820.8841922
  start: 1690440398.034463
