event_sleeping:
  end: 1690440397.9842854
  start: 1690440397.984275
