event_sleeping:
  end: 1690440397.9840508
  start: 1690440397.9840372
