event_uptime:
  end: 1690440956.957304
  start: 1690440398.0207276
