event_uptime:
  end: 1690440716.3716922
  start: 1690440397.9861026
