event_uptime:
  end: 1690435597.5873077
  start: 1690435525.6512122
