event_sleeping:
  end: 1690435525.6453583
  start: 1690435525.6453457
