event_sleeping:
  end: 1690435525.7920368
  start: 1690435525.7920218
