event_uptime:
  end: 1690435948.9844935
  start: 1690435525.8297818
