event_uptime:
  end: 1690435949.0352592
  start: 1690435525.64939
