event_uptime:
  end: 1690435948.99875
  start: 1690435525.6506672
