event_sleeping:
  end: 1690435525.6540542
  start: 1690435525.6536858
