event_sleeping:
  end: 1690435525.6456017
  start: 1690435525.6455884
