event_uptime:
  end: 1690435949.0465934
  start: 1690435525.656923
