event_uptime:
  end: 1690435949.018475
  start: 1690435525.8121414
