event_sleeping:
  end: 1690435525.6464236
  start: 1690435525.6464097
