event_sleeping:
  end: 1690435525.8121037
  start: 1690435525.8120906
