event_sleeping:
  end: 1690435525.7332895
  start: 1690435525.733197
