event_uptime:
  end: 1690436085.1519644
  start: 1690435525.653228
