event_uptime:
  end: 1690436085.1344242
  start: 1690435525.7026625
