event_sleeping:
  end: 1690435525.6527646
  start: 1690435525.6527514
