event_uptime:
  end: 1690436085.092441
  start: 1690435525.6554484
