event_sleeping:
  end: 1690435525.7901073
  start: 1690435525.7900808
