event_uptime:
  end: 1690436085.1188493
  start: 1690435525.7369442
