event_sleeping:
  end: 1690435525.646853
  start: 1690435525.6468363
