event_uptime:
  end: 1690436085.0948186
  start: 1690435525.8056195
