event_sleeping:
  end: 1690435525.6564143
  start: 1690435525.656399
