event_sleeping:
  end: 1690435525.6490963
  start: 1690435525.6490796
