event_uptime:
  end: 1690435844.5344114
  start: 1690435525.6547914
