event_sleeping:
  end: 1690435525.6500418
  start: 1690435525.6500273
