event_uptime:
  end: 1690435844.4793525
  start: 1690435525.791168
