event_sleeping:
  end: 1690435525.77222
  start: 1690435525.772205
