event_sleeping:
  end: 1690435525.7374842
  start: 1690435525.737466
