event_uptime:
  end: 1690435844.554921
  start: 1690435525.6534758
