event_uptime:
  end: 1690435844.4962182
  start: 1690435525.6523995
