event_uptime:
  end: 1690435844.5065694
  start: 1690435525.7676175
