event_sleeping:
  end: 1690435525.6496458
  start: 1690435525.6496303
