event_uptime:
  end: 1690468257.4957829
  start: 1690468188.1861343
