event_sleeping:
  end: 1690468188.169398
  start: 1690468188.1693826
