event_sleeping:
  end: 1690468188.1698208
  start: 1690468188.1698132
