event_uptime:
  end: 1690468247.1706445
  start: 1690468188.210374
