event_sleeping:
  end: 1690468188.169725
  start: 1690468188.1697154
