event_uptime:
  end: 1690468200.7966344
  start: 1690468188.227933
