event_uptime:
  end: 1690468220.5401757
  start: 1690468188.1857355
