event_sleeping:
  end: 1690468188.169299
  start: 1690468188.1692836
