event_uptime:
  end: 1690574836.8937457
  start: 1690574726.1611292
