event_sleeping:
  end: 1690574726.1174152
  start: 1690574726.1174023
