event_uptime:
  end: 1690574830.6998172
  start: 1690574726.1161442
