event_sleeping:
  end: 1690574726.114052
  start: 1690574726.1140375
