event_uptime:
  end: 1690574840.7085164
  start: 1690574726.11986
