event_sleeping:
  end: 1690574726.117294
  start: 1690574726.1172752
