event_sleeping:
  end: 1690574726.1176505
  start: 1690574726.1176398
