event_uptime:
  end: 1690574833.8485715
  start: 1690574726.1196067
