event_uptime:
  end: 1690574880.3393557
  start: 1690574726.1982932
