event_sleeping:
  end: 1690574726.113022
  start: 1690574726.113006
