event_uptime:
  end: 1690574766.1397693
  start: 1690574726.115854
