event_sleeping:
  end: 1690574726.1149821
  start: 1690574726.1149647
