event_uptime:
  end: 1690574792.3056433
  start: 1690574726.1171126
