event_sleeping:
  end: 1690595545.370925
  start: 1690595545.3709102
