event_sleeping:
  end: 1690595545.3731906
  start: 1690595545.3731775
