event_sleeping:
  end: 1690595545.3714638
  start: 1690595545.3714504
