event_sleeping:
  end: 1690595545.4641616
  start: 1690595545.4641435
