event_sleeping:
  end: 1690595545.3965752
  start: 1690595545.3965602
