event_sleeping:
  end: 1690595545.3700564
  start: 1690595545.3700433
