event_sleeping:
  end: 1690595545.3758645
  start: 1690595545.375849
