event_sleeping:
  end: 1690595545.3950558
  start: 1690595545.3950412
