event_sleeping:
  end: 1690595545.3747168
  start: 1690595545.3713362
