event_sleeping:
  end: 1690595545.396816
  start: 1690595545.3968027
