event_sleeping:
  end: 1690595545.4798324
  start: 1690595545.479813
