event_sleeping:
  end: 1690595545.3699262
  start: 1690595545.3695502
