event_sleeping:
  end: 1690538860.5526156
  start: 1690538860.5525963
