event_sleeping:
  end: 1690538859.817073
  start: 1690538859.8170593
