event_sleeping:
  end: 1690538860.5618386
  start: 1690538860.561823
