event_sleeping:
  end: 1690538859.92727
  start: 1690538859.927228
