event_sleeping:
  end: 1690538860.7695296
  start: 1690538860.7695112
