event_sleeping:
  end: 1690538861.0907593
  start: 1690538861.0907376
