event_sleeping:
  end: 1690538859.8128417
  start: 1690538859.812824
