event_sleeping:
  end: 1690538860.3291967
  start: 1690538860.329182
