event_sleeping:
  end: 1690538860.4003243
  start: 1690538860.4003103
