event_sleeping:
  end: 1690538860.9719803
  start: 1690538860.9719644
