event_sleeping:
  end: 1690538861.0954013
  start: 1690538861.0953875
