event_sleeping:
  end: 1690538860.3607728
  start: 1690538860.360759
