event_sleeping:
  end: 1690538860.204094
  start: 1690538860.2040794
