event_sleeping:
  end: 1690538860.087039
  start: 1690538860.0869408
