event_sleeping:
  end: 1690538861.0973504
  start: 1690538861.0973365
