event_sleeping:
  end: 1690538860.5333703
  start: 1690538860.533356
