event_sleeping:
  end: 1690538859.928482
  start: 1690538859.928442
