event_sleeping:
  end: 1690538861.0094385
  start: 1690538861.009425
