event_sleeping:
  end: 1690538860.3726335
  start: 1690538860.3726182
