event_sleeping:
  end: 1690538861.099341
  start: 1690538861.099329
