event_sleeping:
  end: 1690538860.29312
  start: 1690538860.2931037
