event_sleeping:
  end: 1690538859.8162043
  start: 1690538859.8161726
