event_sleeping:
  end: 1690538860.9727728
  start: 1690538860.972693
