event_sleeping:
  end: 1690538860.018039
  start: 1690538860.018016
