event_sleeping:
  end: 1690538860.4521449
  start: 1690538860.4521317
