event_sleeping:
  end: 1690538860.451337
  start: 1690538860.4513216
