event_sleeping:
  end: 1690538860.153352
  start: 1690538860.1533356
