event_sleeping:
  end: 1690538861.0902898
  start: 1690538861.0902767
