event_sleeping:
  end: 1690538859.8085668
  start: 1690538859.8079164
