event_sleeping:
  end: 1690538860.4582403
  start: 1690538860.458196
