event_sleeping:
  end: 1690538860.9737446
  start: 1690538860.97373
