event_sleeping:
  end: 1690538860.4575002
  start: 1690538860.4574864
