event_sleeping:
  end: 1690538859.8088288
  start: 1690538859.8088138
