event_sleeping:
  end: 1690538859.8114138
  start: 1690538859.8105016
