event_sleeping:
  end: 1690538861.1024773
  start: 1690538861.1024647
