event_sleeping:
  end: 1690538860.5622044
  start: 1690538860.562198
