event_sleeping:
  end: 1690538859.938127
  start: 1690538859.9381135
