event_sleeping:
  end: 1690538861.09149
  start: 1690538861.0911393
