event_sleeping:
  end: 1690538860.3736718
  start: 1690538860.373658
