event_sleeping:
  end: 1690538860.087255
  start: 1690538860.087243
