event_sleeping:
  end: 1690538860.3302822
  start: 1690538860.330267
