event_sleeping:
  end: 1690538859.879286
  start: 1690538859.8792717
