event_sleeping:
  end: 1690538860.2712905
  start: 1690538860.2712743
