event_sleeping:
  end: 1690538860.832862
  start: 1690538860.8328516
