event_sleeping:
  end: 1690538860.4429355
  start: 1690538860.4429085
