event_sleeping:
  end: 1690538861.0969584
  start: 1690538861.096939
