event_sleeping:
  end: 1690538860.3326147
  start: 1690538860.3326023
