event_sleeping:
  end: 1690538860.1523666
  start: 1690538860.1523519
