event_sleeping:
  end: 1690538860.9749672
  start: 1690538860.9749553
