event_sleeping:
  end: 1690538861.0896337
  start: 1690538861.0896146
