event_sleeping:
  end: 1690538860.0033064
  start: 1690538860.0032876
