event_sleeping:
  end: 1690538859.8127222
  start: 1690538859.8116004
