event_sleeping:
  end: 1690538860.487574
  start: 1690538860.487558
