event_sleeping:
  end: 1690538860.9786499
  start: 1690538860.978636
