event_sleeping:
  end: 1690538860.7662876
  start: 1690538860.7662594
