event_sleeping:
  end: 1690538861.1448367
  start: 1690538861.1448214
