event_sleeping:
  end: 1690538860.3746734
  start: 1690538860.3746517
