event_sleeping:
  end: 1690538859.8787234
  start: 1690538859.8786821
