event_sleeping:
  end: 1690538860.3271737
  start: 1690538860.3271585
