event_sleeping:
  end: 1690538860.4508169
  start: 1690538860.4508028
