event_sleeping:
  end: 1690538861.0961425
  start: 1690538861.096127
