event_sleeping:
  end: 1690538859.8838391
  start: 1690538859.8838143
