event_sleeping:
  end: 1690538860.3317447
  start: 1690538860.3317323
