event_sleeping:
  end: 1690538860.3733683
  start: 1690538860.3733497
