event_sleeping:
  end: 1690538860.2971346
  start: 1690538860.297121
