event_sleeping:
  end: 1690538860.1286542
  start: 1690538860.1286404
