event_sleeping:
  end: 1690538861.1492388
  start: 1690538861.1492245
