event_sleeping:
  end: 1690538861.007559
  start: 1690538861.007533
