event_sleeping:
  end: 1690538861.0870426
  start: 1690538861.0870287
