event_sleeping:
  end: 1690538860.453791
  start: 1690538860.4537706
