event_sleeping:
  end: 1690538860.863601
  start: 1690538860.8627803
