event_sleeping:
  end: 1690538860.4605966
  start: 1690538860.4605842
