event_sleeping:
  end: 1690538860.7592256
  start: 1690538860.7592027
