event_sleeping:
  end: 1690538861.0924535
  start: 1690538861.092436
