event_sleeping:
  end: 1690538859.9367027
  start: 1690538859.9342387
