event_sleeping:
  end: 1690538859.8114436
  start: 1690538859.8110862
