event_sleeping:
  end: 1690331705.1551435
  start: 1690331705.155139
