event_sleeping:
  end: 1690331705.1592035
  start: 1690331705.1591992
