event_sleeping:
  end: 1690331705.154809
  start: 1690331705.1548052
