event_sleeping:
  end: 1690331705.1582692
  start: 1690331705.158265
