event_sleeping:
  end: 1690331705.1637092
  start: 1690331705.1637013
