event_sleeping:
  end: 1690331705.1544607
  start: 1690331705.1544397
