event_sleeping:
  end: 1690331705.1567323
  start: 1690331705.1567283
