event_sleeping:
  end: 1690331705.1580315
  start: 1690331705.1580272
