event_sleeping:
  end: 1690331705.1658068
  start: 1690331705.165803
