event_sleeping:
  end: 1690331705.1558213
  start: 1690331705.1558175
