event_sleeping:
  end: 1690331705.1593235
  start: 1690331705.1593196
