event_sleeping:
  end: 1690550138.673339
  start: 1690550138.6733184
