event_uptime:
  end: 1690550212.0590472
  start: 1690550138.678206
