event_sleeping:
  end: 1690550139.0531354
  start: 1690550139.0531209
