event_uptime:
  end: 1690550563.3267512
  start: 1690550138.7372942
