event_uptime:
  end: 1690550563.2402437
  start: 1690550139.1190653
