event_uptime:
  end: 1690550563.3713286
  start: 1690550139.0843792
