event_sleeping:
  end: 1690550139.1168735
  start: 1690550139.1168597
