event_sleeping:
  end: 1690550138.9579487
  start: 1690550138.9579353
