event_sleeping:
  end: 1690550139.0802786
  start: 1690550139.0802615
