event_uptime:
  end: 1690550563.2783618
  start: 1690550139.0851948
