event_uptime:
  end: 1690550563.2104325
  start: 1690550139.0480585
