event_sleeping:
  end: 1690550139.0210989
  start: 1690550139.0210848
