event_sleeping:
  end: 1690550138.6799824
  start: 1690550138.679968
