event_sleeping:
  end: 1690550138.96487
  start: 1690550138.964858
