event_sleeping:
  end: 1690550138.9664814
  start: 1690550138.9664657
