event_uptime:
  end: 1690550563.4024403
  start: 1690550138.9079165
