event_uptime:
  end: 1690550563.4301043
  start: 1690550139.1401255
