event_sleeping:
  end: 1690550139.1099608
  start: 1690550139.1099448
