event_sleeping:
  end: 1690550139.1146722
  start: 1690550139.1146584
