event_sleeping:
  end: 1690550138.710531
  start: 1690550138.7105122
