event_sleeping:
  end: 1690550138.9022398
  start: 1690550138.8844676
