event_uptime:
  end: 1690550563.2364514
  start: 1690550138.7337348
