event_sleeping:
  end: 1690550139.016387
  start: 1690550139.0163698
