event_sleeping:
  end: 1690550139.0227141
  start: 1690550139.0226946
