event_uptime:
  end: 1690550563.2661896
  start: 1690550138.736974
