event_uptime:
  end: 1690550563.241454
  start: 1690550139.113516
