event_uptime:
  end: 1690550563.3866763
  start: 1690550139.0152109
