event_uptime:
  end: 1690550563.2937717
  start: 1690550138.961799
