event_uptime:
  end: 1690550563.3146725
  start: 1690550138.969957
