event_sleeping:
  end: 1690550138.7113278
  start: 1690550138.711313
