event_uptime:
  end: 1690550563.215021
  start: 1690550139.022099
