event_uptime:
  end: 1690550563.342406
  start: 1690550139.051667
