event_uptime:
  end: 1690550699.3568037
  start: 1690550139.0244894
