event_sleeping:
  end: 1690550138.9643433
  start: 1690550138.964329
