event_sleeping:
  end: 1690550139.0437777
  start: 1690550139.043733
