event_uptime:
  end: 1690550699.3893092
  start: 1690550139.1171134
