event_sleeping:
  end: 1690550138.7415361
  start: 1690550138.741523
