event_sleeping:
  end: 1690550139.0192325
  start: 1690550139.0192158
