event_uptime:
  end: 1690550699.554601
  start: 1690550139.1133864
