event_uptime:
  end: 1690550699.4228919
  start: 1690550138.969811
