event_sleeping:
  end: 1690550139.106712
  start: 1690550139.1066787
