event_sleeping:
  end: 1690550138.6750078
  start: 1690550138.6749947
