event_uptime:
  end: 1690550699.3649602
  start: 1690550138.907181
