event_uptime:
  end: 1690550699.3633258
  start: 1690550138.7397687
