event_uptime:
  end: 1690550699.2808223
  start: 1690550139.0246828
