event_uptime:
  end: 1690550699.4599905
  start: 1690550138.7120373
