event_sleeping:
  end: 1690550138.736334
  start: 1690550138.7363179
