event_sleeping:
  end: 1690550138.6797068
  start: 1690550138.6796925
