event_sleeping:
  end: 1690550139.0528615
  start: 1690550139.0528073
