event_sleeping:
  end: 1690550139.1138504
  start: 1690550139.1138353
