event_uptime:
  end: 1690550699.5107365
  start: 1690550138.8024495
