event_uptime:
  end: 1690550699.3326173
  start: 1690550139.0110617
