event_uptime:
  end: 1690550699.4381442
  start: 1690550139.023023
