event_sleeping:
  end: 1690550138.899721
  start: 1690550138.899693
