event_uptime:
  end: 1690550699.5348327
  start: 1690550139.0520608
