event_uptime:
  end: 1690550699.5825741
  start: 1690550139.117451
