event_uptime:
  end: 1690550699.4796522
  start: 1690550138.6802797
