event_sleeping:
  end: 1690550138.9615662
  start: 1690550138.9615524
