event_sleeping:
  end: 1690550139.0172126
  start: 1690550139.0171916
