event_sleeping:
  end: 1690550139.1129835
  start: 1690550139.1129692
