event_uptime:
  end: 1690550699.4027503
  start: 1690550139.0854073
