event_sleeping:
  end: 1690550139.0160906
  start: 1690550139.0160732
