event_sleeping:
  end: 1690550139.0168972
  start: 1690550139.0168846
