event_sleeping:
  end: 1690550138.9684637
  start: 1690550138.9684458
