event_uptime:
  end: 1690550458.7277722
  start: 1690550139.0218873
