event_uptime:
  end: 1690550458.7947023
  start: 1690550138.7089386
