event_sleeping:
  end: 1690550139.023963
  start: 1690550139.023949
