event_uptime:
  end: 1690550458.8749738
  start: 1690550138.763924
