event_sleeping:
  end: 1690550138.739892
  start: 1690550138.739432
