event_sleeping:
  end: 1690550138.6727753
  start: 1690550138.672759
