event_uptime:
  end: 1690550458.9077435
  start: 1690550139.0528936
