event_sleeping:
  end: 1690550139.052602
  start: 1690550139.0525866
