event_uptime:
  end: 1690550458.8108482
  start: 1690550139.107823
