event_uptime:
  end: 1690550458.8312495
  start: 1690550139.05152
