event_uptime:
  end: 1690550458.7760792
  start: 1690550139.1462653
