event_uptime:
  end: 1690550458.7513611
  start: 1690550138.6754322
