event_sleeping:
  end: 1690550138.9633145
  start: 1690550138.9632964
