event_uptime:
  end: 1690550458.6597507
  start: 1690550138.9890451
