event_sleeping:
  end: 1690550138.7078748
  start: 1690550138.7078574
