event_uptime:
  end: 1690550458.8706737
  start: 1690550138.9627388
