event_sleeping:
  end: 1690550138.9326887
  start: 1690550138.932674
