event_uptime:
  end: 1690550458.7343264
  start: 1690550138.9696455
