event_sleeping:
  end: 1690550139.0841117
  start: 1690550139.0840948
