event_sleeping:
  end: 1690550138.9583688
  start: 1690550138.9583557
