event_uptime:
  end: 1690550458.6525273
  start: 1690550139.0855546
