event_sleeping:
  end: 1690550138.6758459
  start: 1690550138.6758304
