event_sleeping:
  end: 1690550139.1153812
  start: 1690550139.1153674
