event_uptime:
  end: 1690550458.7300406
  start: 1690550138.9555643
