event_uptime:
  end: 1690550458.7305667
  start: 1690550138.711484
