event_sleeping:
  end: 1690550139.1132977
  start: 1690550139.1132786
