event_uptime:
  end: 1690550458.9273524
  start: 1690550139.1155128
