event_sleeping:
  end: 1690544350.422913
  start: 1690544350.4229004
