event_sleeping:
  end: 1690544350.3689318
  start: 1690544350.3689144
