event_sleeping:
  end: 1690544350.9499176
  start: 1690544350.9498906
