event_sleeping:
  end: 1690544351.0812068
  start: 1690544351.0811865
