event_sleeping:
  end: 1690544350.5474203
  start: 1690544350.5473988
