event_sleeping:
  end: 1690544350.7677455
  start: 1690544350.7677166
