event_sleeping:
  end: 1690544350.8986764
  start: 1690544350.8986607
