event_sleeping:
  end: 1690544351.0044768
  start: 1690544351.0044641
