event_sleeping:
  end: 1690544351.0793366
  start: 1690544351.0793228
