event_sleeping:
  end: 1690544350.1415563
  start: 1690544350.141543
