event_sleeping:
  end: 1690544350.4798255
  start: 1690544350.4798121
