event_sleeping:
  end: 1690544350.1511946
  start: 1690544350.1511765
