event_sleeping:
  end: 1690544350.2682798
  start: 1690544350.2682571
