event_sleeping:
  end: 1690544350.817756
  start: 1690544350.8177419
