event_sleeping:
  end: 1690544350.643227
  start: 1690544350.643213
