event_sleeping:
  end: 1690544350.788876
  start: 1690544350.788863
