event_sleeping:
  end: 1690544350.1410584
  start: 1690544350.1410463
