event_sleeping:
  end: 1690544350.525465
  start: 1690544350.52545
