event_sleeping:
  end: 1690544350.9560373
  start: 1690544350.9560232
