event_sleeping:
  end: 1690544350.4762688
  start: 1690544350.4762511
