event_sleeping:
  end: 1690544350.3999412
  start: 1690544350.3999279
