event_sleeping:
  end: 1690544350.8778222
  start: 1690544350.8777993
