event_sleeping:
  end: 1690544350.222911
  start: 1690544350.2228856
