event_sleeping:
  end: 1690544351.00263
  start: 1690544351.0026093
