event_sleeping:
  end: 1690544350.3687005
  start: 1690544350.3686857
