event_sleeping:
  end: 1690544351.0717921
  start: 1690544351.0717728
