event_sleeping:
  end: 1690544351.0820363
  start: 1690544351.0820227
