event_sleeping:
  end: 1690544350.1518955
  start: 1690544350.1518817
