event_sleeping:
  end: 1690544350.7613091
  start: 1690544350.761282
