event_sleeping:
  end: 1690544350.3719513
  start: 1690544350.3719363
