event_sleeping:
  end: 1690544350.9561958
  start: 1690544350.9561808
