event_sleeping:
  end: 1690544350.2702465
  start: 1690544350.270234
