event_sleeping:
  end: 1690544350.7633834
  start: 1690544350.7633624
