event_sleeping:
  end: 1690544350.732168
  start: 1690544350.7321475
