event_sleeping:
  end: 1690544350.6132188
  start: 1690544350.6131973
