event_sleeping:
  end: 1690544350.792769
  start: 1690544350.7927556
