event_sleeping:
  end: 1690544351.0491097
  start: 1690544351.04909
