event_sleeping:
  end: 1690544351.006326
  start: 1690544351.0063126
