event_sleeping:
  end: 1690544351.1018815
  start: 1690544351.1018662
