event_sleeping:
  end: 1690544350.1437366
  start: 1690544350.1437225
