event_sleeping:
  end: 1690544350.1400213
  start: 1690544350.1400073
