event_sleeping:
  end: 1690544350.3224394
  start: 1690544350.3223987
