event_sleeping:
  end: 1690544350.4786286
  start: 1690544350.4786153
