event_sleeping:
  end: 1690544350.4215806
  start: 1690544350.4215672
