event_sleeping:
  end: 1690544350.7948802
  start: 1690544350.794867
