event_sleeping:
  end: 1690544350.3932185
  start: 1690544350.3932035
