event_sleeping:
  end: 1690544351.1285114
  start: 1690544351.128492
