event_sleeping:
  end: 1690544350.9291935
  start: 1690544350.92918
