event_sleeping:
  end: 1690544350.63792
  start: 1690544350.6378677
