event_sleeping:
  end: 1690544350.471135
  start: 1690544350.4711215
