event_sleeping:
  end: 1690544351.0759103
  start: 1690544351.0758955
