event_sleeping:
  end: 1690544350.3206487
  start: 1690544350.3206334
