event_sleeping:
  end: 1690544350.1466417
  start: 1690544350.1466289
