event_sleeping:
  end: 1690544351.0796554
  start: 1690544351.0796413
