event_sleeping:
  end: 1690544350.7899332
  start: 1690544350.789919
