event_sleeping:
  end: 1690544350.73911
  start: 1690544350.7390976
