event_sleeping:
  end: 1690544350.9592602
  start: 1690544350.959241
