event_sleeping:
  end: 1690544350.180923
  start: 1690544350.1809077
