event_sleeping:
  end: 1690544350.7845035
  start: 1690544350.7844768
