event_sleeping:
  end: 1690544350.4820957
  start: 1690544350.4820738
