event_sleeping:
  end: 1690544350.1456382
  start: 1690544350.1456149
