event_sleeping:
  end: 1690544350.14805
  start: 1690544350.1480308
