event_sleeping:
  end: 1690544350.3992248
  start: 1690544350.3992057
