event_sleeping:
  end: 1690544351.073491
  start: 1690544351.0734751
