event_sleeping:
  end: 1690544350.9581904
  start: 1690544350.9581754
