event_sleeping:
  end: 1690544350.3167799
  start: 1690544350.3167603
