event_sleeping:
  end: 1690544351.1461537
  start: 1690544351.1461217
