event_sleeping:
  end: 1690544350.7924962
  start: 1690544350.7924836
