event_sleeping:
  end: 1690544350.9312177
  start: 1690544350.9312048
