event_sleeping:
  end: 1690544350.6348453
  start: 1690544350.63483
