event_sleeping:
  end: 1690544350.735621
  start: 1690544350.7356052
