event_sleeping:
  end: 1690544350.4662287
  start: 1690544350.4662006
