event_sleeping:
  end: 1690544351.049443
  start: 1690544351.0494287
