event_sleeping:
  end: 1690485177.9160097
  start: 1690485177.915998
