event_sleeping:
  end: 1690485177.6286612
  start: 1690485177.6286454
