event_sleeping:
  end: 1690485177.7293403
  start: 1690485177.7293262
