event_sleeping:
  end: 1690485178.152213
  start: 1690485178.1521986
