event_sleeping:
  end: 1690485177.4545178
  start: 1690485177.4544995
