event_sleeping:
  end: 1690485178.1778762
  start: 1690485178.1778162
