event_sleeping:
  end: 1690485178.3184302
  start: 1690485178.3184152
