event_sleeping:
  end: 1690485178.0006275
  start: 1690485178.0006099
