event_sleeping:
  end: 1690485177.758495
  start: 1690485177.7584808
