event_sleeping:
  end: 1690485177.4735706
  start: 1690485177.4735203
