event_sleeping:
  end: 1690485178.367651
  start: 1690485178.367637
