event_sleeping:
  end: 1690485177.6706789
  start: 1690485177.670666
