event_sleeping:
  end: 1690485177.8356295
  start: 1690485177.8356135
