event_sleeping:
  end: 1690485178.3432906
  start: 1690485178.3432772
