event_sleeping:
  end: 1690485177.4480305
  start: 1690485177.4480166
