event_sleeping:
  end: 1690485177.4482286
  start: 1690485177.4481976
