event_sleeping:
  end: 1690485177.4488492
  start: 1690485177.4488313
