event_sleeping:
  end: 1690485177.603048
  start: 1690485177.6030219
