event_sleeping:
  end: 1690485178.2976873
  start: 1690485178.2976723
