event_sleeping:
  end: 1690485178.414936
  start: 1690485178.4149215
