event_sleeping:
  end: 1690485178.1071725
  start: 1690485178.107156
