event_sleeping:
  end: 1690485177.8614357
  start: 1690485177.860682
