event_sleeping:
  end: 1690485177.527235
  start: 1690485177.5272214
