event_sleeping:
  end: 1690485177.724792
  start: 1690485177.7247758
