event_sleeping:
  end: 1690485177.980352
  start: 1690485177.9803317
