event_sleeping:
  end: 1690485178.1771278
  start: 1690485178.1771138
