event_sleeping:
  end: 1690485178.341182
  start: 1690485178.341168
