event_sleeping:
  end: 1690485177.7577724
  start: 1690485177.7577527
