event_sleeping:
  end: 1690485177.8835068
  start: 1690485177.8834832
