event_sleeping:
  end: 1690485177.665933
  start: 1690485177.6659074
