event_sleeping:
  end: 1690485177.4465077
  start: 1690485177.446129
