event_sleeping:
  end: 1690485177.6711204
  start: 1690485177.6711078
