event_sleeping:
  end: 1690485177.775415
  start: 1690485177.7753985
