event_sleeping:
  end: 1690485178.343589
  start: 1690485178.3435752
