event_sleeping:
  end: 1690485177.4497817
  start: 1690485177.4497638
