event_sleeping:
  end: 1690485178.4132266
  start: 1690485178.4132128
