event_sleeping:
  end: 1690485178.0452783
  start: 1690485178.0452626
