event_sleeping:
  end: 1690485177.7310123
  start: 1690485177.7309992
