event_sleeping:
  end: 1690485177.6082149
  start: 1690485177.608202
