event_sleeping:
  end: 1690485177.5308666
  start: 1690485177.5308516
