event_sleeping:
  end: 1690485177.8601608
  start: 1690485177.8601437
