event_sleeping:
  end: 1690485178.3393555
  start: 1690485178.3393412
