event_sleeping:
  end: 1690485177.445735
  start: 1690485177.4457164
