event_sleeping:
  end: 1690485177.8918908
  start: 1690485177.8918736
