event_sleeping:
  end: 1690485178.1732793
  start: 1690485178.1732652
