event_sleeping:
  end: 1690485178.241981
  start: 1690485178.2419617
