event_sleeping:
  end: 1690485178.3431172
  start: 1690485178.3431032
