event_sleeping:
  end: 1690485177.8354259
  start: 1690485177.8354123
