event_sleeping:
  end: 1690485177.4535127
  start: 1690485177.4534988
