event_sleeping:
  end: 1690485178.1748633
  start: 1690485178.1748497
