event_sleeping:
  end: 1690485178.2606454
  start: 1690485178.2606301
