event_sleeping:
  end: 1690485177.977272
  start: 1690485177.9772463
