event_sleeping:
  end: 1690485177.5248032
  start: 1690485177.5247655
