event_sleeping:
  end: 1690485177.6326814
  start: 1690485177.6326656
