event_sleeping:
  end: 1690485177.8627193
  start: 1690485177.8627064
