event_sleeping:
  end: 1690485178.4152014
  start: 1690485178.4151778
