event_sleeping:
  end: 1690485178.1248307
  start: 1690485178.1248112
