event_sleeping:
  end: 1690485177.7329743
  start: 1690485177.7329621
