event_sleeping:
  end: 1690485178.3685517
  start: 1690485178.3685374
