event_sleeping:
  end: 1690485177.5719724
  start: 1690485177.5719585
