event_sleeping:
  end: 1690485177.6943777
  start: 1690485177.6943579
