event_sleeping:
  end: 1690485177.6721067
  start: 1690485177.6720905
