event_sleeping:
  end: 1690485177.8651018
  start: 1690485177.8650897
