event_sleeping:
  end: 1690485178.0016387
  start: 1690485178.001624
