event_sleeping:
  end: 1690485177.732263
  start: 1690485177.7322454
