event_sleeping:
  end: 1690485177.5510523
  start: 1690485177.5510375
