event_sleeping:
  end: 1690485177.8347883
  start: 1690485177.8347714
