event_sleeping:
  end: 1690485178.340206
  start: 1690485178.3400276
