event_sleeping:
  end: 1690485178.175982
  start: 1690485178.1759696
