event_sleeping:
  end: 1690485178.2203267
  start: 1690485178.2202482
