event_sleeping:
  end: 1690485177.4566305
  start: 1690485177.4566162
