event_sleeping:
  end: 1690485178.3667886
  start: 1690485178.3667724
