event_sleeping:
  end: 1690485178.39231
  start: 1690485178.3922968
