event_sleeping:
  end: 1690485177.6041899
  start: 1690485177.6041756
