event_sleeping:
  end: 1690485177.9162846
  start: 1690485177.9162707
