event_sleeping:
  end: 1690485177.4578376
  start: 1690485177.457819
