event_uptime:
  end: 1690439898.5844004
  start: 1690439831.9843457
