event_sleeping:
  end: 1690439831.953725
  start: 1690439831.9536955
