event_uptime:
  end: 1690440234.883695
  start: 1690439831.9801729
