event_sleeping:
  end: 1690439831.953808
  start: 1690439831.953796
