event_sleeping:
  end: 1690439831.953338
  start: 1690439831.9533327
