event_uptime:
  end: 1690440370.9728115
  start: 1690439831.9565284
