event_uptime:
  end: 1690440134.156845
  start: 1690439831.956267
