event_sleeping:
  end: 1690439831.9531782
  start: 1690439831.9531713
