event_sleeping:
  end: 1690594915.8524003
  start: 1690594915.8523853
