event_sleeping:
  end: 1690594915.8557453
  start: 1690594915.8557324
