event_sleeping:
  end: 1690594915.9737415
  start: 1690594915.9737182
