event_sleeping:
  end: 1690594915.8968866
  start: 1690594915.8968558
