event_sleeping:
  end: 1690594916.1150584
  start: 1690594916.1150053
