event_sleeping:
  end: 1690594916.1372435
  start: 1690594916.1372283
