event_sleeping:
  end: 1690594916.138423
  start: 1690594916.138407
