event_sleeping:
  end: 1690594915.8930185
  start: 1690594915.8930018
