event_sleeping:
  end: 1690594916.0417833
  start: 1690594916.0417688
