event_sleeping:
  end: 1690594916.0383828
  start: 1690594916.038361
