event_sleeping:
  end: 1690594915.9229038
  start: 1690594915.922875
