event_sleeping:
  end: 1690594916.138765
  start: 1690594916.1387517
