event_sleeping:
  end: 1690594915.9605381
  start: 1690594915.960513
