event_sleeping:
  end: 1690594915.9216173
  start: 1690594915.9216008
