event_sleeping:
  end: 1690594916.1141722
  start: 1690594916.1141284
