event_sleeping:
  end: 1690594916.039617
  start: 1690594916.039604
