event_sleeping:
  end: 1690594916.0437753
  start: 1690594916.0437593
