event_sleeping:
  end: 1690594915.858593
  start: 1690594915.8585799
