event_sleeping:
  end: 1690594916.0411685
  start: 1690594916.0410585
