event_sleeping:
  end: 1690594915.8911455
  start: 1690594915.8911288
