event_sleeping:
  end: 1690594915.8578978
  start: 1690594915.8578846
