event_sleeping:
  end: 1690567236.4777746
  start: 1690567236.4777613
