event_uptime:
  end: 1690567308.1324453
  start: 1690567236.481649
