event_uptime:
  end: 1690567659.5630615
  start: 1690567236.524177
