event_sleeping:
  end: 1690567236.4798515
  start: 1690567236.4798315
