event_sleeping:
  end: 1690567236.480413
  start: 1690567236.4804003
