event_uptime:
  end: 1690567659.5481024
  start: 1690567236.501521
