event_sleeping:
  end: 1690567236.4774897
  start: 1690567236.4774709
