event_uptime:
  end: 1690567795.6683922
  start: 1690567236.4818513
