event_uptime:
  end: 1690567795.6781614
  start: 1690567236.505894
