event_sleeping:
  end: 1690567236.4790945
  start: 1690567236.478372
