event_sleeping:
  end: 1690567236.4751124
  start: 1690567236.4750996
