event_uptime:
  end: 1690567555.0425336
  start: 1690567236.4781225
