event_uptime:
  end: 1690567555.0282362
  start: 1690567236.5063422
