event_sleeping:
  end: 1690567236.4792678
  start: 1690567236.4792483
