event_sleeping:
  end: 1690449862.9151537
  start: 1690449862.91515
