event_sleeping:
  end: 1690449862.9171093
  start: 1690449862.9171069
