event_sleeping:
  end: 1690449862.9168463
  start: 1690449862.9168422
