event_sleeping:
  end: 1690449862.9167795
  start: 1690449862.9167755
