event_sleeping:
  end: 1690449862.9164095
  start: 1690449862.9164054
