event_sleeping:
  end: 1690449862.9169915
  start: 1690449862.9169877
