event_sleeping:
  end: 1690449862.9170604
  start: 1690449862.9170566
