event_sleeping:
  end: 1690449862.9166915
  start: 1690449862.9166873
