event_sleeping:
  end: 1690449862.9169185
  start: 1690449862.9169145
