event_sleeping:
  end: 1690449862.9162364
  start: 1690449862.9162323
