event_sleeping:
  end: 1690449862.9156308
  start: 1690449862.915627
