event_sleeping:
  end: 1690624406.672182
  start: 1690624406.6721492
