event_uptime:
  end: 1690624480.1365056
  start: 1690624406.6790974
