event_sleeping:
  end: 1690624406.799676
  start: 1690624406.7996624
