event_sleeping:
  end: 1690624406.889237
  start: 1690624406.8761687
