event_uptime:
  end: 1690624831.391773
  start: 1690624406.9173691
