event_uptime:
  end: 1690624831.2032106
  start: 1690624407.2158635
