event_sleeping:
  end: 1690624406.6771054
  start: 1690624406.6770914
