event_sleeping:
  end: 1690624406.9911883
  start: 1690624406.9911706
