event_sleeping:
  end: 1690624406.847689
  start: 1690624406.8476765
