event_sleeping:
  end: 1690624407.01481
  start: 1690624407.0146434
