event_sleeping:
  end: 1690624406.750154
  start: 1690624406.750139
