event_uptime:
  end: 1690624831.3179781
  start: 1690624407.0149097
