event_sleeping:
  end: 1690624407.0126421
  start: 1690624407.0126176
