event_sleeping:
  end: 1690624407.152922
  start: 1690624407.1528945
