event_uptime:
  end: 1690624831.438499
  start: 1690624406.8698661
