event_uptime:
  end: 1690624831.3589811
  start: 1690624406.9092228
