event_uptime:
  end: 1690624831.2663605
  start: 1690624406.6785738
