event_sleeping:
  end: 1690624406.9176686
  start: 1690624406.9176545
