event_uptime:
  end: 1690624831.324824
  start: 1690624406.9394314
