event_sleeping:
  end: 1690624407.1158888
  start: 1690624407.115865
