event_uptime:
  end: 1690624831.4022539
  start: 1690624406.7523334
