event_sleeping:
  end: 1690624406.8014238
  start: 1690624406.8014047
