event_uptime:
  end: 1690624831.2709908
  start: 1690624406.6792178
