event_uptime:
  end: 1690624831.1353123
  start: 1690624407.0117483
