event_uptime:
  end: 1690624831.2692578
  start: 1690624407.135331
