event_uptime:
  end: 1690624831.2647173
  start: 1690624407.153259
