event_sleeping:
  end: 1690624406.9131725
  start: 1690624406.913151
