event_sleeping:
  end: 1690624407.1143546
  start: 1690624407.114342
