event_uptime:
  end: 1690624831.459977
  start: 1690624406.8250766
