event_uptime:
  end: 1690624831.4272819
  start: 1690624406.842144
