event_uptime:
  end: 1690624831.2834015
  start: 1690624407.0661092
