event_sleeping:
  end: 1690624406.6752932
  start: 1690624406.6752794
