event_uptime:
  end: 1690624967.3235965
  start: 1690624406.9892106
