event_uptime:
  end: 1690624967.3456047
  start: 1690624406.8750012
