event_uptime:
  end: 1690624967.494998
  start: 1690624406.8004324
