event_uptime:
  end: 1690624967.441804
  start: 1690624406.916312
