event_uptime:
  end: 1690624967.324204
  start: 1690624407.0868628
