event_sleeping:
  end: 1690624406.9383311
  start: 1690624406.938316
