event_sleeping:
  end: 1690624407.0122588
  start: 1690624407.0122397
