event_uptime:
  end: 1690624967.3753595
  start: 1690624407.01514
