event_uptime:
  end: 1690624967.4823565
  start: 1690624407.0069094
