event_sleeping:
  end: 1690624406.7975123
  start: 1690624406.797497
