event_sleeping:
  end: 1690624407.0700877
  start: 1690624407.070067
