event_sleeping:
  end: 1690624406.9865649
  start: 1690624406.9865513
