event_uptime:
  end: 1690624967.539401
  start: 1690624406.72538
