event_uptime:
  end: 1690624967.3514576
  start: 1690624406.6767669
