event_sleeping:
  end: 1690624407.1138148
  start: 1690624407.1137962
