event_sleeping:
  end: 1690624406.9129632
  start: 1690624406.9129496
