event_uptime:
  end: 1690624967.5143123
  start: 1690624406.8679972
