event_uptime:
  end: 1690624967.4151406
  start: 1690624406.8008852
