event_sleeping:
  end: 1690624407.1167383
  start: 1690624407.1167269
