event_sleeping:
  end: 1690624406.9609845
  start: 1690624406.9609325
