event_sleeping:
  end: 1690624406.6726038
  start: 1690624406.6725576
