event_uptime:
  end: 1690624967.4152415
  start: 1690624407.1163526
