event_sleeping:
  end: 1690624406.683446
  start: 1690624406.6834145
