event_uptime:
  end: 1690624967.4747205
  start: 1690624406.7070425
