event_sleeping:
  end: 1690624406.6806283
  start: 1690624406.6800232
