event_sleeping:
  end: 1690624406.8725712
  start: 1690624406.8725348
