event_sleeping:
  end: 1690624406.8439436
  start: 1690624406.84393
