event_sleeping:
  end: 1690624406.794295
  start: 1690624406.7942805
