event_uptime:
  end: 1690624967.2262242
  start: 1690624406.9907215
