event_uptime:
  end: 1690624967.300396
  start: 1690624407.2180767
