event_uptime:
  end: 1690624726.9202206
  start: 1690624406.7519798
