event_sleeping:
  end: 1690624406.7948503
  start: 1690624406.7948365
