event_uptime:
  end: 1690624726.7341568
  start: 1690624407.1125245
