event_uptime:
  end: 1690624726.8510969
  start: 1690624406.9161267
