event_sleeping:
  end: 1690624407.0918565
  start: 1690624407.0918396
