event_sleeping:
  end: 1690624406.9133563
  start: 1690624406.9133441
