event_sleeping:
  end: 1690624406.6807714
  start: 1690624406.6807475
