event_uptime:
  end: 1690624726.929775
  start: 1690624406.841243
