event_uptime:
  end: 1690624726.883562
  start: 1690624406.800225
