event_uptime:
  end: 1690624726.7328355
  start: 1690624407.1738331
