event_sleeping:
  end: 1690624406.7464392
  start: 1690624406.7463996
