event_uptime:
  end: 1690624726.9044874
  start: 1690624407.0922875
