event_uptime:
  end: 1690624726.7344909
  start: 1690624406.6776464
