event_sleeping:
  end: 1690624406.8027375
  start: 1690624406.8027003
