event_sleeping:
  end: 1690624406.9379027
  start: 1690624406.9378889
