event_sleeping:
  end: 1690624406.7867498
  start: 1690624406.7867095
