event_uptime:
  end: 1690624726.6920564
  start: 1690624406.9176931
