event_uptime:
  end: 1690624726.7963526
  start: 1690624407.0513554
