event_uptime:
  end: 1690624726.8622906
  start: 1690624406.9896922
