event_sleeping:
  end: 1690624406.9127815
  start: 1690624406.912768
