event_sleeping:
  end: 1690624406.9386566
  start: 1690624406.9386432
