event_uptime:
  end: 1690624726.5047228
  start: 1690624406.9801838
