event_uptime:
  end: 1690624726.7949588
  start: 1690624406.7937677
