event_sleeping:
  end: 1690624407.1301332
  start: 1690624407.130088
