event_uptime:
  end: 1690624726.7343369
  start: 1690624406.8742735
