event_sleeping:
  end: 1690624407.0323267
  start: 1690624407.032309
