event_sleeping:
  end: 1690624407.0709379
  start: 1690624407.0709238
