event_sleeping:
  end: 1690624406.6742005
  start: 1690624406.6741867
