event_uptime:
  end: 1690624726.7672691
  start: 1690624406.7076879
