event_uptime:
  end: 1690470697.4035864
  start: 1690470628.8531213
