event_sleeping:
  end: 1690470628.8509123
  start: 1690470628.8508933
