event_sleeping:
  end: 1690470628.851114
  start: 1690470628.8510306
