event_uptime:
  end: 1690470640.9141781
  start: 1690470628.8542976
