event_uptime:
  end: 1690470660.4640129
  start: 1690470628.878793
