event_sleeping:
  end: 1690470628.8511577
  start: 1690470628.8511505
