event_sleeping:
  end: 1690543951.3590293
  start: 1690543951.3590147
