event_sleeping:
  end: 1690543951.7261026
  start: 1690543951.7260897
