event_sleeping:
  end: 1690543951.100148
  start: 1690543951.100135
