event_sleeping:
  end: 1690543951.1917596
  start: 1690543951.1917422
