event_sleeping:
  end: 1690543952.145323
  start: 1690543952.1452825
