event_sleeping:
  end: 1690543952.1562836
  start: 1690543952.1562638
