event_sleeping:
  end: 1690543951.9728215
  start: 1690543951.972807
