event_sleeping:
  end: 1690543951.3265295
  start: 1690543951.3264918
