event_sleeping:
  end: 1690543951.502061
  start: 1690543951.5020478
