event_sleeping:
  end: 1690543951.1104815
  start: 1690543951.1104484
