event_sleeping:
  end: 1690543951.143051
  start: 1690543951.1430378
