event_sleeping:
  end: 1690543951.6463304
  start: 1690543951.6463172
