event_sleeping:
  end: 1690543951.5574675
  start: 1690543951.5574481
