event_sleeping:
  end: 1690543951.8345768
  start: 1690543951.8345528
