event_sleeping:
  end: 1690543951.638097
  start: 1690543951.6380644
