event_sleeping:
  end: 1690543951.3566124
  start: 1690543951.3565993
