event_sleeping:
  end: 1690543951.8080952
  start: 1690543951.8080819
