event_sleeping:
  end: 1690543952.1818519
  start: 1690543952.1818368
