event_sleeping:
  end: 1690543951.9021611
  start: 1690543951.9021478
