event_sleeping:
  end: 1690543951.5011482
  start: 1690543951.5011344
