event_sleeping:
  end: 1690543951.186594
  start: 1690543951.1865802
