event_sleeping:
  end: 1690543951.760826
  start: 1690543951.7608154
