event_sleeping:
  end: 1690543952.0854664
  start: 1690543952.08545
