event_sleeping:
  end: 1690543951.5543747
  start: 1690543951.5543587
