event_sleeping:
  end: 1690543951.3064003
  start: 1690543951.3063862
