event_sleeping:
  end: 1690543951.106956
  start: 1690543951.106944
