event_sleeping:
  end: 1690543952.009895
  start: 1690543952.009872
