event_sleeping:
  end: 1690543951.111852
  start: 1690543951.1118166
