event_sleeping:
  end: 1690543951.557978
  start: 1690543951.5579643
