event_sleeping:
  end: 1690543952.1566262
  start: 1690543952.1566122
