event_sleeping:
  end: 1690543951.1075919
  start: 1690543951.1075797
