event_sleeping:
  end: 1690543951.360966
  start: 1690543951.360952
