event_sleeping:
  end: 1690543951.1026025
  start: 1690543951.102585
