event_sleeping:
  end: 1690543951.9947798
  start: 1690543951.9947653
