event_sleeping:
  end: 1690543951.642038
  start: 1690543951.6420255
