event_sleeping:
  end: 1690543951.925282
  start: 1690543951.925269
