event_sleeping:
  end: 1690543951.5248148
  start: 1690543951.5248024
