event_sleeping:
  end: 1690543951.106268
  start: 1690543951.1053753
