event_sleeping:
  end: 1690543951.1870394
  start: 1690543951.1870248
