event_sleeping:
  end: 1690543951.8076174
  start: 1690543951.8075926
