event_sleeping:
  end: 1690543951.3306234
  start: 1690543951.3305917
