event_sleeping:
  end: 1690543952.1043613
  start: 1690543952.104345
