event_sleeping:
  end: 1690543951.8353236
  start: 1690543951.8353112
