event_sleeping:
  end: 1690543951.1449199
  start: 1690543951.1449056
