event_sleeping:
  end: 1690543951.1826715
  start: 1690543951.1826484
