event_sleeping:
  end: 1690543951.1112852
  start: 1690543951.1112704
