event_sleeping:
  end: 1690543951.8079333
  start: 1690543951.80792
