event_sleeping:
  end: 1690543951.47484
  start: 1690543951.474827
