event_sleeping:
  end: 1690543951.6198676
  start: 1690543951.619826
