event_sleeping:
  end: 1690543951.8984547
  start: 1690543951.8984423
