event_sleeping:
  end: 1690543951.728573
  start: 1690543951.728547
