event_sleeping:
  end: 1690543951.1084712
  start: 1690543951.1084528
