event_sleeping:
  end: 1690543952.042227
  start: 1690543952.0422096
