event_sleeping:
  end: 1690543952.1525333
  start: 1690543952.1525192
