event_sleeping:
  end: 1690543952.2103252
  start: 1690543952.2103114
