event_sleeping:
  end: 1690543951.527957
  start: 1690543951.5279446
