event_sleeping:
  end: 1690543951.330244
  start: 1690543951.3302307
