event_sleeping:
  end: 1690543951.3558054
  start: 1690543951.355787
