event_sleeping:
  end: 1690543951.8074098
  start: 1690543951.8073943
