event_sleeping:
  end: 1690543952.207647
  start: 1690543952.2076318
