event_sleeping:
  end: 1690543951.141322
  start: 1690543951.14131
