event_sleeping:
  end: 1690543951.1680212
  start: 1690543951.1680021
