event_sleeping:
  end: 1690543951.8990927
  start: 1690543951.8990715
