event_sleeping:
  end: 1690543951.109288
  start: 1690543951.1085653
