event_sleeping:
  end: 1690543951.356153
  start: 1690543951.3561406
