event_sleeping:
  end: 1690543951.6935282
  start: 1690543951.6935043
