event_sleeping:
  end: 1690543951.5290005
  start: 1690543951.5289874
