event_sleeping:
  end: 1690543951.9199595
  start: 1690543951.919936
