event_sleeping:
  end: 1690543952.016844
  start: 1690543952.0168302
