event_sleeping:
  end: 1690543951.2854168
  start: 1690543951.2853868
