event_sleeping:
  end: 1690543951.3960557
  start: 1690543951.3960433
