event_sleeping:
  end: 1690543951.5781376
  start: 1690543951.5781057
