event_sleeping:
  end: 1690543952.1221206
  start: 1690543952.1220977
