event_sleeping:
  end: 1690574163.8394182
  start: 1690574163.8393984
