event_uptime:
  end: 1690574274.672762
  start: 1690574163.8671718
