event_sleeping:
  end: 1690574163.8409593
  start: 1690574163.840944
