event_uptime:
  end: 1690574268.4526103
  start: 1690574163.843377
