event_sleeping:
  end: 1690574163.8378694
  start: 1690574163.8378577
