event_uptime:
  end: 1690574278.4498198
  start: 1690574163.8418186
