event_uptime:
  end: 1690574271.5690577
  start: 1690574163.8436954
