event_sleeping:
  end: 1690574163.841283
  start: 1690574163.8412666
