event_sleeping:
  end: 1690574163.8431675
  start: 1690574163.843155
