event_uptime:
  end: 1690574318.052083
  start: 1690574163.8831606
