event_sleeping:
  end: 1690574163.8369882
  start: 1690574163.8369746
