event_uptime:
  end: 1690574203.8669233
  start: 1690574163.8423884
