event_sleeping:
  end: 1690574163.8375626
  start: 1690574163.837529
