event_uptime:
  end: 1690574230.1084044
  start: 1690574163.8409905
