event_uptime:
  end: 1690579877.7493703
  start: 1690579809.0710502
