event_sleeping:
  end: 1690579809.0532436
  start: 1690579809.0531833
