event_sleeping:
  end: 1690579809.0541122
  start: 1690579809.0532782
