event_uptime:
  end: 1690579867.4999042
  start: 1690579809.1044443
