event_sleeping:
  end: 1690579809.0525274
  start: 1690579809.0524793
