event_uptime:
  end: 1690579821.0636127
  start: 1690579809.0547314
