event_uptime:
  end: 1690579840.8205662
  start: 1690579809.0871372
