event_sleeping:
  end: 1690579809.053086
  start: 1690579809.053067
