event_sleeping:
  end: 1690417856.062737
  start: 1690417856.0627186
