event_sleeping:
  end: 1690417855.9916754
  start: 1690417855.9916563
