event_sleeping:
  end: 1690417856.1077857
  start: 1690417856.1077702
