event_sleeping:
  end: 1690417855.9823883
  start: 1690417855.9823742
