event_sleeping:
  end: 1690417856.1881685
  start: 1690417856.1881423
