event_sleeping:
  end: 1690417856.0853388
  start: 1690417856.0852993
