event_sleeping:
  end: 1690417856.1488943
  start: 1690417856.1488814
