event_sleeping:
  end: 1690417855.9831872
  start: 1690417855.98317
