event_sleeping:
  end: 1690417855.991139
  start: 1690417855.9911253
