event_sleeping:
  end: 1690417856.1074903
  start: 1690417856.1074758
