event_sleeping:
  end: 1690417856.0660336
  start: 1690417856.0660212
