event_sleeping:
  end: 1690417855.9862437
  start: 1690417855.9862232
