event_sleeping:
  end: 1690417855.981866
  start: 1690417855.9818501
