event_sleeping:
  end: 1690417856.1071305
  start: 1690417856.107113
