event_sleeping:
  end: 1690417856.0171647
  start: 1690417856.0171423
