event_sleeping:
  end: 1690417856.2272243
  start: 1690417856.2272072
