event_sleeping:
  end: 1690417856.0446937
  start: 1690417856.0446672
