event_sleeping:
  end: 1690417855.988458
  start: 1690417855.9884396
