event_sleeping:
  end: 1690417856.1932774
  start: 1690417856.1932492
