event_sleeping:
  end: 1690417856.1280415
  start: 1690417856.1280289
