event_sleeping:
  end: 1690417856.1026342
  start: 1690417856.1026173
