event_sleeping:
  end: 1690417856.066525
  start: 1690417856.0665116
