event_sleeping:
  end: 1690417856.1925623
  start: 1690417856.1925492
