event_sleeping:
  end: 1690417856.108633
  start: 1690417856.1086211
