event_sleeping:
  end: 1690417855.992468
  start: 1690417855.989911
