event_sleeping:
  end: 1690417855.9944143
  start: 1690417855.9929762
