event_sleeping:
  end: 1690595375.2534797
  start: 1690595375.2534666
