event_sleeping:
  end: 1690595375.2578607
  start: 1690595375.2578478
