event_sleeping:
  end: 1690595375.44477
  start: 1690595375.4447145
