event_sleeping:
  end: 1690595375.4012454
  start: 1690595375.4012222
