event_sleeping:
  end: 1690595375.2563226
  start: 1690595375.2563107
