event_sleeping:
  end: 1690595375.328373
  start: 1690595375.3283608
