event_sleeping:
  end: 1690595375.4255736
  start: 1690595375.4255614
