event_sleeping:
  end: 1690595375.4045804
  start: 1690595375.404563
