event_sleeping:
  end: 1690595375.3639634
  start: 1690595375.3639457
