event_sleeping:
  end: 1690595375.254407
  start: 1690595375.254394
