event_sleeping:
  end: 1690595375.4030797
  start: 1690595375.4030645
