event_sleeping:
  end: 1690595375.4260151
  start: 1690595375.4259965
