event_sleeping:
  end: 1690595375.3816273
  start: 1690595375.3816128
