event_sleeping:
  end: 1690595375.3828967
  start: 1690595375.382883
