event_sleeping:
  end: 1690595375.257086
  start: 1690595375.2570734
