event_sleeping:
  end: 1690595375.447795
  start: 1690595375.4477758
