event_sleeping:
  end: 1690595375.4441645
  start: 1690595375.4441514
