event_sleeping:
  end: 1690595375.2814832
  start: 1690595375.2814589
