event_sleeping:
  end: 1690595375.4037633
  start: 1690595375.40375
