event_sleeping:
  end: 1690595375.256777
  start: 1690595375.2567647
