event_sleeping:
  end: 1690595375.25616
  start: 1690595375.256147
