event_sleeping:
  end: 1690545762.9037476
  start: 1690545762.9037232
