event_sleeping:
  end: 1690545763.1738396
  start: 1690545763.1738272
