event_sleeping:
  end: 1690545762.7158618
  start: 1690545762.7158496
