event_sleeping:
  end: 1690545762.6415527
  start: 1690545762.641539
