event_sleeping:
  end: 1690545762.8108816
  start: 1690545762.8108675
