event_sleeping:
  end: 1690545763.05909
  start: 1690545763.0590763
