event_sleeping:
  end: 1690545763.0638826
  start: 1690545763.0638704
