event_sleeping:
  end: 1690545762.6379185
  start: 1690545762.6379046
