event_sleeping:
  end: 1690545762.991489
  start: 1690545762.9914541
