event_sleeping:
  end: 1690545762.7119846
  start: 1690545762.7119718
