event_sleeping:
  end: 1690545762.839789
  start: 1690545762.8397744
