event_sleeping:
  end: 1690545763.0376918
  start: 1690545763.037678
