event_sleeping:
  end: 1690545763.1071744
  start: 1690545763.1071577
