event_sleeping:
  end: 1690545762.7877784
  start: 1690545762.7877645
