event_sleeping:
  end: 1690545762.9493248
  start: 1690545762.9493108
