event_sleeping:
  end: 1690545762.632511
  start: 1690545762.6324987
