event_sleeping:
  end: 1690545762.7635043
  start: 1690545762.7634902
