event_sleeping:
  end: 1690545762.6405272
  start: 1690545762.640507
