event_sleeping:
  end: 1690545762.6289546
  start: 1690545762.6289408
