event_sleeping:
  end: 1690545763.1933434
  start: 1690545763.1933253
