event_sleeping:
  end: 1690545762.6287358
  start: 1690545762.6277227
