event_sleeping:
  end: 1690545763.1320941
  start: 1690545763.1320808
