event_sleeping:
  end: 1690545763.196895
  start: 1690545763.196881
