event_sleeping:
  end: 1690545762.8363628
  start: 1690545762.8363488
