event_sleeping:
  end: 1690545762.75587
  start: 1690545762.7558522
