event_sleeping:
  end: 1690545762.9497933
  start: 1690545762.9497776
