event_sleeping:
  end: 1690545762.6349232
  start: 1690545762.634905
