event_sleeping:
  end: 1690545762.8845353
  start: 1690545762.8845224
