event_sleeping:
  end: 1690545763.1065187
  start: 1690545763.1065047
