event_sleeping:
  end: 1690545762.6672232
  start: 1690545762.6672027
