event_sleeping:
  end: 1690545762.626813
  start: 1690545762.626797
