event_sleeping:
  end: 1690545762.6356132
  start: 1690545762.6355999
