event_sleeping:
  end: 1690545763.103338
  start: 1690545763.103325
