event_sleeping:
  end: 1690545763.0390964
  start: 1690545763.0390832
