event_sleeping:
  end: 1690545762.7349885
  start: 1690545762.7163422
