event_sleeping:
  end: 1690545763.2187827
  start: 1690545763.2187672
