event_sleeping:
  end: 1690545762.7812674
  start: 1690545762.7641392
