event_sleeping:
  end: 1690545762.6388097
  start: 1690545762.6387975
