event_sleeping:
  end: 1690545763.1534534
  start: 1690545763.153433
