event_sleeping:
  end: 1690545762.949019
  start: 1690545762.9490047
