event_sleeping:
  end: 1690545762.7622795
  start: 1690545762.762223
