event_sleeping:
  end: 1690545762.6704376
  start: 1690545762.6704237
