event_sleeping:
  end: 1690545763.1315956
  start: 1690545763.1315525
