event_sleeping:
  end: 1690545762.7129734
  start: 1690545762.7129545
