event_sleeping:
  end: 1690545762.6296506
  start: 1690545762.6296382
