event_sleeping:
  end: 1690545763.0610964
  start: 1690545763.0610828
