event_sleeping:
  end: 1690545763.2206142
  start: 1690545763.2205997
