event_sleeping:
  end: 1690545762.8119717
  start: 1690545762.8119533
