event_sleeping:
  end: 1690545762.8836963
  start: 1690545762.8836768
