event_sleeping:
  end: 1690545763.016812
  start: 1690545763.016799
