event_sleeping:
  end: 1690411900.3168929
  start: 1690411900.3168795
