event_sleeping:
  end: 1690411900.3143706
  start: 1690411900.3143632
