event_sleeping:
  end: 1690411900.3147418
  start: 1690411900.3147347
