event_sleeping:
  end: 1690411900.3145604
  start: 1690411900.314553
