event_sleeping:
  end: 1690411900.3181908
  start: 1690411900.3172414
