event_sleeping:
  end: 1690427806.196711
  start: 1690427806.196704
