event_uptime:
  end: 1690427872.7901852
  start: 1690427806.2278275
