event_uptime:
  end: 1690428209.1511624
  start: 1690427806.245536
