event_uptime:
  end: 1690428209.1669593
  start: 1690427806.2315266
