event_sleeping:
  end: 1690427806.197576
  start: 1690427806.1975694
