event_sleeping:
  end: 1690427806.1979518
  start: 1690427806.1979444
