event_sleeping:
  end: 1690427806.196539
  start: 1690427806.196532
