event_uptime:
  end: 1690428345.2236788
  start: 1690427806.2039545
