event_uptime:
  end: 1690428345.2452028
  start: 1690427806.2494266
