event_sleeping:
  end: 1690427806.1974852
  start: 1690427806.1974602
