event_uptime:
  end: 1690428108.395267
  start: 1690427806.2500422
