event_sleeping:
  end: 1690427806.1978698
  start: 1690427806.1978595
