event_sleeping:
  end: 1690427806.197115
  start: 1690427806.1970327
