event_uptime:
  end: 1690428108.3977425
  start: 1690427806.229863
