event_uptime:
  end: 1690352516.6187117
  start: 1690352450.167795
