event_sleeping:
  end: 1690352450.166382
  start: 1690352450.1663783
