event_sleeping:
  end: 1690352450.167786
  start: 1690352450.1677823
