event_uptime:
  end: 1690352853.0308924
  start: 1690352450.1723642
