event_uptime:
  end: 1690352989.1828258
  start: 1690352450.170259
