event_sleeping:
  end: 1690352450.167081
  start: 1690352450.1670778
