event_uptime:
  end: 1690352752.2260306
  start: 1690352450.1705992
