event_sleeping:
  end: 1690352450.166645
  start: 1690352450.1666105
