event_sleeping:
  end: 1690472436.2338443
  start: 1690472436.233828
