event_sleeping:
  end: 1690472436.2334826
  start: 1690472436.2334692
