event_sleeping:
  end: 1690472436.2339418
  start: 1690472436.2339349
