event_sleeping:
  end: 1690472436.2333374
  start: 1690472436.2333162
