event_sleeping:
  end: 1690469877.7923043
  start: 1690469877.7922854
