event_sleeping:
  end: 1690469877.795159
  start: 1690469877.7951436
