event_sleeping:
  end: 1690469877.7927992
  start: 1690469877.7927687
