event_sleeping:
  end: 1690469877.795018
  start: 1690469877.7950063
