event_sleeping:
  end: 1690469877.8175106
  start: 1690469877.8174736
