event_sleeping:
  end: 1690469877.7940378
  start: 1690469877.7940204
