event_sleeping:
  end: 1690579378.7923615
  start: 1690579378.7923467
