event_uptime:
  end: 1690579447.4745712
  start: 1690579378.79488
