event_uptime:
  end: 1690579437.2256038
  start: 1690579378.7941954
