event_sleeping:
  end: 1690579378.7911494
  start: 1690579378.7910078
