event_sleeping:
  end: 1690579378.791412
  start: 1690579378.7914007
