event_uptime:
  end: 1690579390.839949
  start: 1690579378.7946217
