event_sleeping:
  end: 1690579378.7907302
  start: 1690579378.7907224
