event_uptime:
  end: 1690579410.548835
  start: 1690579378.7939878
