event_sleeping:
  end: 1690597812.593139
  start: 1690597812.5930858
