event_sleeping:
  end: 1690597812.5946255
  start: 1690597812.5946057
