event_sleeping:
  end: 1690597812.5948088
  start: 1690597812.5947967
