event_sleeping:
  end: 1690597812.593572
  start: 1690597812.5934143
