event_sleeping:
  end: 1690449788.9481266
  start: 1690449788.9481227
