event_sleeping:
  end: 1690449788.9484327
  start: 1690449788.948429
