event_sleeping:
  end: 1690449788.948476
  start: 1690449788.9484742
