event_sleeping:
  end: 1690449788.9483237
  start: 1690449788.94832
