event_sleeping:
  end: 1690472555.4697661
  start: 1690472555.46975
