event_sleeping:
  end: 1690472555.5344017
  start: 1690472555.5343835
