event_sleeping:
  end: 1690472555.4738839
  start: 1690472555.4738703
