event_sleeping:
  end: 1690472555.4756646
  start: 1690472555.475646
