event_sleeping:
  end: 1690472555.49999
  start: 1690472555.4999769
