event_sleeping:
  end: 1690472555.5334313
  start: 1690472555.533417
