event_sleeping:
  end: 1690472555.4737172
  start: 1690472555.4737048
