event_sleeping:
  end: 1690472555.5514479
  start: 1690472555.5514328
