event_sleeping:
  end: 1690472555.6055405
  start: 1690472555.6054904
