event_sleeping:
  end: 1690472555.4662507
  start: 1690472555.4662359
