event_sleeping:
  end: 1690472555.4768474
  start: 1690472555.4768317
