event_sleeping:
  end: 1690472555.5009627
  start: 1690472555.5009468
