event_sleeping:
  end: 1690472555.500301
  start: 1690472555.5002856
