event_sleeping:
  end: 1690472555.622633
  start: 1690472555.6226196
