event_sleeping:
  end: 1690472555.604564
  start: 1690472555.6045263
