event_sleeping:
  end: 1690472555.55363
  start: 1690472555.5536153
