event_sleeping:
  end: 1690472555.4651792
  start: 1690472555.4651663
