event_sleeping:
  end: 1690472555.4723942
  start: 1690472555.472381
