event_sleeping:
  end: 1690472555.4660306
  start: 1690472555.4660163
