event_sleeping:
  end: 1690472555.5171492
  start: 1690472555.51713
