event_sleeping:
  end: 1690472555.4760568
  start: 1690472555.4760425
