event_sleeping:
  end: 1690472555.4732928
  start: 1690472555.4732795
