event_sleeping:
  end: 1690639075.083821
  start: 1690639075.0837958
