event_uptime:
  end: 1690639146.5844219
  start: 1690639075.086788
