event_sleeping:
  end: 1690639075.0838976
  start: 1690639075.083891
