event_uptime:
  end: 1690639498.035948
  start: 1690639075.1011717
