event_sleeping:
  end: 1690639075.0833979
  start: 1690639075.083361
