event_uptime:
  end: 1690639634.07607
  start: 1690639075.0863907
