event_sleeping:
  end: 1690639075.0830595
  start: 1690639075.0830507
