event_uptime:
  end: 1690639393.54034
  start: 1690639075.0862167
