event_sleeping:
  end: 1690582164.2482927
  start: 1690582164.2482772
