event_uptime:
  end: 1690582233.6965442
  start: 1690582164.2504332
