event_sleeping:
  end: 1690582164.2223918
  start: 1690582164.2223756
