event_uptime:
  end: 1690582223.4479244
  start: 1690582164.2258837
