event_sleeping:
  end: 1690582164.2643569
  start: 1690582164.2643433
