event_uptime:
  end: 1690582240.9630406
  start: 1690582164.3031957
