event_uptime:
  end: 1690582229.5590096
  start: 1690582164.22653
