event_sleeping:
  end: 1690582164.223349
  start: 1690582164.223337
