event_uptime:
  end: 1690582251.4630685
  start: 1690582164.2274663
