event_sleeping:
  end: 1690582164.2243955
  start: 1690582164.2243836
