event_sleeping:
  end: 1690582164.2278419
  start: 1690582164.227815
