event_uptime:
  end: 1690582223.13586
  start: 1690582164.2301831
