event_sleeping:
  end: 1690582164.2279582
  start: 1690582164.2279453
