event_uptime:
  end: 1690582230.5232115
  start: 1690582164.2471461
