event_uptime:
  end: 1690582219.8753104
  start: 1690582164.2499008
