event_sleeping:
  end: 1690582164.230157
  start: 1690582164.2301247
