event_sleeping:
  end: 1690582164.2502267
  start: 1690582164.250211
