event_uptime:
  end: 1690582245.9669154
  start: 1690582164.2863624
