event_sleeping:
  end: 1690582164.226505
  start: 1690582164.2264907
