event_uptime:
  end: 1690582176.2910385
  start: 1690582164.228071
