event_sleeping:
  end: 1690582164.227672
  start: 1690582164.2276456
