event_uptime:
  end: 1690582196.8441591
  start: 1690582164.2298262
