event_sleeping:
  end: 1690542506.511704
  start: 1690542506.5116901
