event_sleeping:
  end: 1690542506.1762195
  start: 1690542506.1762016
