event_sleeping:
  end: 1690542506.814983
  start: 1690542506.8149617
