event_sleeping:
  end: 1690542505.955782
  start: 1690542505.9557621
