event_sleeping:
  end: 1690542506.3151863
  start: 1690542506.315172
