event_sleeping:
  end: 1690542506.3850126
  start: 1690542506.3849974
