event_sleeping:
  end: 1690542506.675834
  start: 1690542506.6758208
