event_sleeping:
  end: 1690542506.790145
  start: 1690542506.7901316
