event_sleeping:
  end: 1690542506.4637315
  start: 1690542506.4637182
