event_sleeping:
  end: 1690542506.6268196
  start: 1690542506.6268058
