event_sleeping:
  end: 1690542506.8909175
  start: 1690542506.8909032
