event_sleeping:
  end: 1690542505.9613605
  start: 1690542505.9613478
