event_sleeping:
  end: 1690542506.209475
  start: 1690542506.20946
