event_sleeping:
  end: 1690542506.056599
  start: 1690542506.056584
