event_sleeping:
  end: 1690542506.3057067
  start: 1690542506.3056917
