event_sleeping:
  end: 1690542506.0077882
  start: 1690542506.0077543
