event_sleeping:
  end: 1690542506.7847972
  start: 1690542506.7847793
