event_sleeping:
  end: 1690542506.204197
  start: 1690542506.2041826
