event_sleeping:
  end: 1690542506.5148716
  start: 1690542506.514858
