event_sleeping:
  end: 1690542506.1396985
  start: 1690542506.1396785
