event_sleeping:
  end: 1690542505.960455
  start: 1690542505.9604146
