event_sleeping:
  end: 1690542506.4393551
  start: 1690542506.4393387
