event_sleeping:
  end: 1690542506.8838782
  start: 1690542506.8838634
