event_sleeping:
  end: 1690542506.6752493
  start: 1690542506.6752274
