event_sleeping:
  end: 1690542506.3860762
  start: 1690542506.3860624
