event_sleeping:
  end: 1690542506.2446532
  start: 1690542506.2446392
