event_sleeping:
  end: 1690542506.6028287
  start: 1690542506.602814
