event_sleeping:
  end: 1690542506.839123
  start: 1690542506.8391068
