event_sleeping:
  end: 1690542506.310059
  start: 1690542506.310036
