event_sleeping:
  end: 1690542505.9517486
  start: 1690542505.9517353
