event_sleeping:
  end: 1690542506.8398561
  start: 1690542506.839844
