event_sleeping:
  end: 1690542506.181167
  start: 1690542506.1811535
