event_sleeping:
  end: 1690542506.6039286
  start: 1690542506.603917
