event_sleeping:
  end: 1690542506.812719
  start: 1690542506.8127067
