event_sleeping:
  end: 1690542505.9633193
  start: 1690542505.963302
