event_sleeping:
  end: 1690542506.4338017
  start: 1690542506.4337873
