event_sleeping:
  end: 1690542506.4889634
  start: 1690542506.4889486
