event_sleeping:
  end: 1690542506.8917246
  start: 1690542506.8917072
