event_sleeping:
  end: 1690542505.9520972
  start: 1690542505.9520857
