event_sleeping:
  end: 1690542506.0524309
  start: 1690542506.0524137
