event_sleeping:
  end: 1690542506.6723275
  start: 1690542506.672312
