event_sleeping:
  end: 1690542506.3139727
  start: 1690542506.3139582
