event_sleeping:
  end: 1690542506.5137196
  start: 1690542506.5137062
