event_sleeping:
  end: 1690542505.9536297
  start: 1690542505.9536128
