event_sleeping:
  end: 1690542506.2850451
  start: 1690542506.2850168
