event_sleeping:
  end: 1690542506.2394912
  start: 1690542506.2394774
