event_sleeping:
  end: 1690542506.602413
  start: 1690542506.6023993
