event_sleeping:
  end: 1690542506.242142
  start: 1690542506.2421286
