event_sleeping:
  end: 1690542506.508202
  start: 1690542506.5081763
