event_sleeping:
  end: 1690542506.9413316
  start: 1690542506.941318
