event_sleeping:
  end: 1690542506.213582
  start: 1690542506.213564
