event_sleeping:
  end: 1690542506.139135
  start: 1690542506.1391187
