event_sleeping:
  end: 1690542506.3172588
  start: 1690542506.3172445
