event_sleeping:
  end: 1690542506.8880763
  start: 1690542506.88806
