event_sleeping:
  end: 1690542506.438743
  start: 1690542506.43873
