event_sleeping:
  end: 1690542506.629646
  start: 1690542506.6296306
