event_sleeping:
  end: 1690542505.9866788
  start: 1690542505.986665
