event_sleeping:
  end: 1690542506.8144732
  start: 1690542506.8144586
