event_sleeping:
  end: 1690542505.9591982
  start: 1690542505.9591763
