event_sleeping:
  end: 1690542506.73947
  start: 1690542506.7394543
