event_sleeping:
  end: 1690542506.8109646
  start: 1690542506.81095
