event_sleeping:
  end: 1690542506.3398058
  start: 1690542506.33979
