event_sleeping:
  end: 1690542506.6046746
  start: 1690542506.6046612
