event_sleeping:
  end: 1690542506.0120428
  start: 1690542506.0120277
