event_sleeping:
  end: 1690542506.238313
  start: 1690542506.2383003
