event_sleeping:
  end: 1690542506.8373659
  start: 1690542506.8373442
