event_sleeping:
  end: 1690542506.4660306
  start: 1690542506.466017
