event_sleeping:
  end: 1690542506.0541208
  start: 1690542506.0541081
