event_sleeping:
  end: 1690542506.738767
  start: 1690542506.7387512
