event_sleeping:
  end: 1690542505.9563024
  start: 1690542505.956289
