event_sleeping:
  end: 1690542506.2864146
  start: 1690542506.2864025
