event_sleeping:
  end: 1690542506.2401109
  start: 1690542506.2400954
