event_sleeping:
  end: 1690542506.5560455
  start: 1690542506.5560312
