event_sleeping:
  end: 1690542506.4299877
  start: 1690542506.4299707
