event_sleeping:
  end: 1690542506.891763
  start: 1690542506.8911502
