event_sleeping:
  end: 1690595866.2556193
  start: 1690595866.255604
