event_sleeping:
  end: 1690595866.2593317
  start: 1690595866.2592976
