event_sleeping:
  end: 1690595866.2567685
  start: 1690595866.2564664
