event_sleeping:
  end: 1690595866.259559
  start: 1690595866.2594798
