event_sleeping:
  end: 1690595866.259145
  start: 1690595866.2588546
