event_sleeping:
  end: 1690595866.2559526
  start: 1690595866.2559385
