event_uptime:
  end: 1690579662.688782
  start: 1690579593.974563
