event_sleeping:
  end: 1690579593.9715075
  start: 1690579593.9714925
