event_sleeping:
  end: 1690579593.972075
  start: 1690579593.9719725
