event_uptime:
  end: 1690579652.3469186
  start: 1690579593.975044
