event_sleeping:
  end: 1690579593.9718711
  start: 1690579593.9718587
