event_uptime:
  end: 1690579606.0226526
  start: 1690579593.9752896
