event_uptime:
  end: 1690579625.6791048
  start: 1690579593.9747906
