event_sleeping:
  end: 1690579593.9720466
  start: 1690579593.9720376
