event_uptime:
  end: 1690483950.0152404
  start: 1690483881.0565999
