event_sleeping:
  end: 1690483881.0270038
  start: 1690483881.0269835
