event_uptime:
  end: 1690484286.1480653
  start: 1690483881.474159
