event_sleeping:
  end: 1690483881.6249666
  start: 1690483881.6249309
