event_sleeping:
  end: 1690483881.338794
  start: 1690483881.3387792
