event_uptime:
  end: 1690484286.2220304
  start: 1690483881.630729
