event_uptime:
  end: 1690484286.2479513
  start: 1690483881.707881
