event_uptime:
  end: 1690484286.2465541
  start: 1690483881.3450646
