event_uptime:
  end: 1690484286.1778777
  start: 1690483881.2799385
