event_uptime:
  end: 1690484286.3670688
  start: 1690483881.2901077
