event_sleeping:
  end: 1690483881.3366044
  start: 1690483881.3357882
