event_sleeping:
  end: 1690483881.2252982
  start: 1690483881.225261
