event_sleeping:
  end: 1690483881.4057474
  start: 1690483881.4057221
