event_sleeping:
  end: 1690483881.2862585
  start: 1690483881.286244
