event_sleeping:
  end: 1690483881.540455
  start: 1690483881.5404391
