event_sleeping:
  end: 1690483881.6317496
  start: 1690483881.6317356
