event_uptime:
  end: 1690484286.342849
  start: 1690483881.025594
