event_uptime:
  end: 1690484286.2598236
  start: 1690483881.5449367
