event_sleeping:
  end: 1690483881.3485756
  start: 1690483881.3485577
