event_sleeping:
  end: 1690483881.0219514
  start: 1690483881.0219355
