event_uptime:
  end: 1690484286.1008227
  start: 1690483881.3845992
