event_uptime:
  end: 1690484286.1814065
  start: 1690483881.056782
