event_sleeping:
  end: 1690483881.0326064
  start: 1690483881.0325935
