event_sleeping:
  end: 1690483881.4327254
  start: 1690483881.4327118
