event_uptime:
  end: 1690484286.1490548
  start: 1690483881.3401365
