event_sleeping:
  end: 1690483881.3421144
  start: 1690483881.3420966
