event_uptime:
  end: 1690484286.3030531
  start: 1690483881.4288123
