event_uptime:
  end: 1690484286.143603
  start: 1690483881.1288335
