event_sleeping:
  end: 1690483881.0280612
  start: 1690483881.0280356
