event_sleeping:
  end: 1690483881.1228695
  start: 1690483881.1228452
