event_uptime:
  end: 1690484286.2311542
  start: 1690483881.345374
