event_uptime:
  end: 1690484286.3273046
  start: 1690483881.0324104
