event_sleeping:
  end: 1690483881.4119709
  start: 1690483881.4119577
