event_uptime:
  end: 1690484422.3561668
  start: 1690483881.3919303
