event_uptime:
  end: 1690484422.3026605
  start: 1690483881.1048906
