event_uptime:
  end: 1690484422.3582778
  start: 1690483881.0250394
