event_sleeping:
  end: 1690483881.6302407
  start: 1690483881.6302269
