event_uptime:
  end: 1690484422.2147188
  start: 1690483881.3373992
