event_uptime:
  end: 1690484422.390648
  start: 1690483881.5363035
