event_sleeping:
  end: 1690483881.338322
  start: 1690483881.3383002
