event_sleeping:
  end: 1690483881.4904537
  start: 1690483881.4904242
