event_uptime:
  end: 1690484422.2142723
  start: 1690483881.455713
