event_sleeping:
  end: 1690483881.029883
  start: 1690483881.0298684
