event_uptime:
  end: 1690484422.1703851
  start: 1690483881.3474455
