event_uptime:
  end: 1690484422.4141731
  start: 1690483881.2621362
