event_sleeping:
  end: 1690483881.2909234
  start: 1690483881.2909086
