event_uptime:
  end: 1690484422.2189457
  start: 1690483881.6052136
