event_uptime:
  end: 1690484422.1687677
  start: 1690483881.3504972
