event_sleeping:
  end: 1690483881.3476334
  start: 1690483881.3476138
