event_uptime:
  end: 1690484422.2873108
  start: 1690483881.3428664
