event_sleeping:
  end: 1690483881.0212975
  start: 1690483881.0212793
