event_sleeping:
  end: 1690483881.345046
  start: 1690483881.344665
