event_sleeping:
  end: 1690483881.3510618
  start: 1690483881.3510466
