event_uptime:
  end: 1690484422.269632
  start: 1690483881.666684
