event_uptime:
  end: 1690484422.230264
  start: 1690483881.0280933
