event_sleeping:
  end: 1690483881.546201
  start: 1690483881.5461853
