event_sleeping:
  end: 1690483881.239918
  start: 1690483881.2399015
