event_sleeping:
  end: 1690483881.0592895
  start: 1690483881.0592675
