event_uptime:
  end: 1690484422.2586656
  start: 1690483881.0569847
