event_sleeping:
  end: 1690483881.1283088
  start: 1690483881.1282928
