event_uptime:
  end: 1690484422.3289425
  start: 1690483881.1465065
