event_uptime:
  end: 1690484185.4018192
  start: 1690483881.3497424
