event_uptime:
  end: 1690484185.583292
  start: 1690483881.053678
