event_sleeping:
  end: 1690483881.456405
  start: 1690483881.4563801
