event_uptime:
  end: 1690484185.4025881
  start: 1690483881.3454928
