event_sleeping:
  end: 1690483881.2854025
  start: 1690483881.2853854
