event_uptime:
  end: 1690484185.5181124
  start: 1690483881.6293135
