event_sleeping:
  end: 1690483881.2892478
  start: 1690483881.2892337
