event_uptime:
  end: 1690484185.4513583
  start: 1690483881.055499
