event_sleeping:
  end: 1690483881.1279328
  start: 1690483881.1279106
