event_sleeping:
  end: 1690483881.0287807
  start: 1690483881.0287526
