event_uptime:
  end: 1690484185.564726
  start: 1690483881.4960134
