event_sleeping:
  end: 1690483881.3393018
  start: 1690483881.339287
