event_sleeping:
  end: 1690483881.5416453
  start: 1690483881.5416245
