event_sleeping:
  end: 1690483881.4122753
  start: 1690483881.4122622
