event_uptime:
  end: 1690484185.4908886
  start: 1690483881.1074011
