event_uptime:
  end: 1690484185.542887
  start: 1690483881.3424263
