event_uptime:
  end: 1690484185.402173
  start: 1690483881.4510865
