event_uptime:
  end: 1690484185.6194673
  start: 1690483881.178646
