event_sleeping:
  end: 1690483881.3381302
  start: 1690483881.3373818
