event_uptime:
  end: 1690484185.6464307
  start: 1690483881.3508272
