event_sleeping:
  end: 1690483881.5464857
  start: 1690483881.5464728
