event_uptime:
  end: 1690484185.6057258
  start: 1690483881.2896776
