event_sleeping:
  end: 1690483881.0580497
  start: 1690483881.0580328
