event_uptime:
  end: 1690484185.494018
  start: 1690483881.5812223
