event_sleeping:
  end: 1690483881.348325
  start: 1690483881.34831
