event_sleeping:
  end: 1690483881.0275085
  start: 1690483881.02749
