event_sleeping:
  end: 1690483881.024988
  start: 1690483881.0249507
