event_uptime:
  end: 1690484185.453941
  start: 1690483881.027621
