event_uptime:
  end: 1690484185.4242845
  start: 1690483881.3352506
