event_sleeping:
  end: 1690483881.3449104
  start: 1690483881.3442132
