event_sleeping:
  end: 1690625657.215422
  start: 1690625657.2154071
