event_uptime:
  end: 1690625730.644684
  start: 1690625657.2181036
