event_uptime:
  end: 1690626081.8539643
  start: 1690625657.5830426
