event_sleeping:
  end: 1690625657.479569
  start: 1690625657.4795341
