event_uptime:
  end: 1690626081.8468587
  start: 1690625657.2940595
