event_uptime:
  end: 1690626081.8739116
  start: 1690625657.6558845
