event_sleeping:
  end: 1690625657.5798466
  start: 1690625657.5798283
