event_sleeping:
  end: 1690625657.3190043
  start: 1690625657.318991
