event_sleeping:
  end: 1690625657.6991057
  start: 1690625657.6990914
