event_uptime:
  end: 1690626081.7934916
  start: 1690625657.7038224
