event_sleeping:
  end: 1690625657.5289986
  start: 1690625657.5289838
