event_sleeping:
  end: 1690625657.5795307
  start: 1690625657.5795147
