event_sleeping:
  end: 1690625657.3853621
  start: 1690625657.385332
