event_sleeping:
  end: 1690625657.6538744
  start: 1690625657.6538563
