event_uptime:
  end: 1690626081.9423022
  start: 1690625657.5782542
