event_sleeping:
  end: 1690625657.267865
  start: 1690625657.2678487
