event_uptime:
  end: 1690626081.8698523
  start: 1690625657.4120631
