event_uptime:
  end: 1690626081.8266659
  start: 1690625657.3128092
