event_sleeping:
  end: 1690625657.6562352
  start: 1690625657.6562219
