event_sleeping:
  end: 1690625657.4522114
  start: 1690625657.4521985
