event_uptime:
  end: 1690626081.7979534
  start: 1690625657.505684
