event_uptime:
  end: 1690626081.7215753
  start: 1690625657.6819034
