event_sleeping:
  end: 1690625657.630898
  start: 1690625657.6308827
