event_sleeping:
  end: 1690625657.2956982
  start: 1690625657.2956822
