event_uptime:
  end: 1690626081.9199007
  start: 1690625657.5847645
