event_uptime:
  end: 1690626081.793254
  start: 1690625657.8402293
