event_uptime:
  end: 1690626081.9827456
  start: 1690625657.4761388
