event_uptime:
  end: 1690626081.7469823
  start: 1690625657.3434892
