event_uptime:
  end: 1690626081.7547703
  start: 1690625657.263446
