event_sleeping:
  end: 1690625657.21985
  start: 1690625657.2198362
