event_uptime:
  end: 1690626081.9747603
  start: 1690625657.6503267
