event_sleeping:
  end: 1690625657.5834289
  start: 1690625657.583414
