event_sleeping:
  end: 1690625657.5791981
  start: 1690625657.579184
