event_uptime:
  end: 1690626218.0385697
  start: 1690625657.3844059
