event_uptime:
  end: 1690626218.0711243
  start: 1690625657.6309993
