event_sleeping:
  end: 1690625657.7451491
  start: 1690625657.7451348
