event_uptime:
  end: 1690626217.9316723
  start: 1690625657.7046251
