event_sleeping:
  end: 1690625657.6288714
  start: 1690625657.6288571
