event_sleeping:
  end: 1690625657.6982684
  start: 1690625657.698252
