event_uptime:
  end: 1690626217.9466796
  start: 1690625657.3461003
