event_sleeping:
  end: 1690625657.4775107
  start: 1690625657.4774976
