event_sleeping:
  end: 1690625657.2183764
  start: 1690625657.2183552
