event_uptime:
  end: 1690626218.0139165
  start: 1690625657.654485
