event_uptime:
  end: 1690626217.9160082
  start: 1690625657.2962384
