event_sleeping:
  end: 1690625657.3469174
  start: 1690625657.3469028
