event_uptime:
  end: 1690626218.038438
  start: 1690625657.603115
