event_uptime:
  end: 1690626218.119483
  start: 1690625657.5729322
