event_uptime:
  end: 1690626217.8758042
  start: 1690625657.679794
