event_sleeping:
  end: 1690625657.3415582
  start: 1690625657.341543
