event_sleeping:
  end: 1690625657.2670944
  start: 1690625657.2670774
