event_uptime:
  end: 1690626217.9482558
  start: 1690625657.8184028
