event_uptime:
  end: 1690626217.947183
  start: 1690625657.290864
