event_uptime:
  end: 1690626217.970674
  start: 1690625657.582775
