event_sleeping:
  end: 1690625657.2919996
  start: 1690625657.2919788
