event_sleeping:
  end: 1690625657.3858325
  start: 1690625657.385819
