event_uptime:
  end: 1690626217.8307993
  start: 1690625657.2210014
