event_uptime:
  end: 1690626218.0315087
  start: 1690625657.3893943
