event_uptime:
  end: 1690626217.9626982
  start: 1690625657.4991727
