event_uptime:
  end: 1690625977.290538
  start: 1690625657.6535883
