event_sleeping:
  end: 1690625657.7218928
  start: 1690625657.7218747
