event_uptime:
  end: 1690625977.318211
  start: 1690625657.744401
