event_sleeping:
  end: 1690625657.3893647
  start: 1690625657.389351
