event_sleeping:
  end: 1690625657.241198
  start: 1690625657.2411602
