event_sleeping:
  end: 1690625657.270353
  start: 1690625657.270336
