event_uptime:
  end: 1690625977.4515922
  start: 1690625657.584883
