event_sleeping:
  end: 1690625657.2147634
  start: 1690625657.2147133
