event_uptime:
  end: 1690625977.3579302
  start: 1690625657.2697423
