event_uptime:
  end: 1690625977.2009017
  start: 1690625657.7052207
