event_uptime:
  end: 1690625977.2947013
  start: 1690625657.2174132
