event_uptime:
  end: 1690625977.2897174
  start: 1690625657.6815228
