event_uptime:
  end: 1690625977.4115727
  start: 1690625657.4777133
