event_sleeping:
  end: 1690625657.3455365
  start: 1690625657.3455226
