event_sleeping:
  end: 1690625657.5061665
  start: 1690625657.5061507
