event_sleeping:
  end: 1690625657.6556528
  start: 1690625657.6556373
