event_sleeping:
  end: 1690625657.3163085
  start: 1690625657.3162906
