event_uptime:
  end: 1690625977.491631
  start: 1690625657.6556883
