event_uptime:
  end: 1690625977.3917649
  start: 1690625657.3790534
