event_sleeping:
  end: 1690625657.5847292
  start: 1690625657.5847168
