event_uptime:
  end: 1690625977.243192
  start: 1690625657.319592
