event_uptime:
  end: 1690625977.3066082
  start: 1690625657.626525
