event_uptime:
  end: 1690625977.4407218
  start: 1690625657.4303443
