event_sleeping:
  end: 1690625657.582748
  start: 1690625657.582734
