event_sleeping:
  end: 1690625657.631355
  start: 1690625657.6313398
