event_sleeping:
  end: 1690625657.6527052
  start: 1690625657.6526911
