event_uptime:
  end: 1690625977.3339283
  start: 1690625657.2957819
