event_sleeping:
  end: 1690625657.7023304
  start: 1690625657.7023153
