event_uptime:
  end: 1690625977.418921
  start: 1690625657.5236273
