event_uptime:
  end: 1690312189.7235463
  start: 1690312117.1331038
