event_sleeping:
  end: 1690312117.125599
  start: 1690312117.1255949
