event_uptime:
  end: 1690312541.1158762
  start: 1690312117.1564603
