event_sleeping:
  end: 1690312117.1481123
  start: 1690312117.147944
