event_uptime:
  end: 1690312540.9953334
  start: 1690312117.1479485
