event_sleeping:
  end: 1690312117.1849842
  start: 1690312117.18498
