event_sleeping:
  end: 1690312117.1564488
  start: 1690312117.1564453
