event_sleeping:
  end: 1690312117.1637845
  start: 1690312117.1637802
