event_uptime:
  end: 1690312541.1171365
  start: 1690312117.1677964
