event_uptime:
  end: 1690312540.9876323
  start: 1690312117.1583533
