event_sleeping:
  end: 1690312117.1711411
  start: 1690312117.1711366
