event_uptime:
  end: 1690312541.1105177
  start: 1690312117.1750882
