event_sleeping:
  end: 1690312117.132077
  start: 1690312117.132075
