event_sleeping:
  end: 1690312117.1714509
  start: 1690312117.1714466
