event_sleeping:
  end: 1690312117.140088
  start: 1690312117.1400824
