event_sleeping:
  end: 1690312117.126679
  start: 1690312117.1266751
