event_uptime:
  end: 1690312541.0978217
  start: 1690312117.1562772
