event_uptime:
  end: 1690312541.0905843
  start: 1690312117.1579318
