event_uptime:
  end: 1690312541.1301913
  start: 1690312117.1707766
