event_uptime:
  end: 1690312541.054395
  start: 1690312117.1772106
