event_uptime:
  end: 1690312541.1310003
  start: 1690312117.1923707
