event_sleeping:
  end: 1690312117.1635096
  start: 1690312117.1635056
