event_sleeping:
  end: 1690312117.137509
  start: 1690312117.1374948
