event_uptime:
  end: 1690312677.1951365
  start: 1690312117.142894
