event_sleeping:
  end: 1690312117.166572
  start: 1690312117.1665633
