event_uptime:
  end: 1690312677.1964893
  start: 1690312117.1571696
