event_sleeping:
  end: 1690312117.1777325
  start: 1690312117.1777282
