event_sleeping:
  end: 1690312117.1451104
  start: 1690312117.1451035
