event_sleeping:
  end: 1690312117.1289973
  start: 1690312117.1289923
