event_uptime:
  end: 1690312677.113842
  start: 1690312117.1574228
