event_uptime:
  end: 1690312677.1611445
  start: 1690312117.171508
