event_uptime:
  end: 1690312677.2013993
  start: 1690312117.1570842
