event_uptime:
  end: 1690312677.25936
  start: 1690312117.1819198
