event_uptime:
  end: 1690312677.2023802
  start: 1690312117.1792731
