event_sleeping:
  end: 1690312117.1780596
  start: 1690312117.1780546
