event_uptime:
  end: 1690312677.050417
  start: 1690312117.1621995
