event_sleeping:
  end: 1690312117.1581566
  start: 1690312117.1581523
