event_sleeping:
  end: 1690312117.126546
  start: 1690312117.1265423
