event_uptime:
  end: 1690312677.1963236
  start: 1690312117.192604
