event_uptime:
  end: 1690312436.6147256
  start: 1690312117.1640542
