event_sleeping:
  end: 1690312117.126855
  start: 1690312117.1268528
