event_uptime:
  end: 1690312436.5603514
  start: 1690312117.1369903
