event_uptime:
  end: 1690312436.558563
  start: 1690312117.1570027
