event_sleeping:
  end: 1690312117.1368399
  start: 1690312117.13683
