event_uptime:
  end: 1690312436.6106346
  start: 1690312117.1920953
