event_sleeping:
  end: 1690312117.178818
  start: 1690312117.1788142
