event_uptime:
  end: 1690312436.5623693
  start: 1690312117.1636646
