event_sleeping:
  end: 1690312117.1423514
  start: 1690312117.142349
