event_uptime:
  end: 1690312436.553623
  start: 1690312117.1547585
