event_uptime:
  end: 1690312436.5897803
  start: 1690312117.182408
