event_sleeping:
  end: 1690312117.1583104
  start: 1690312117.1583064
