event_sleeping:
  end: 1690312117.1582236
  start: 1690312117.15822
