event_uptime:
  end: 1690312436.5673115
  start: 1690312117.1626027
