event_sleeping:
  end: 1690312117.1579216
  start: 1690312117.1579177
