event_uptime:
  end: 1690312436.5639787
  start: 1690312117.1591814
