event_sleeping:
  end: 1690312117.1587665
  start: 1690312117.1587622
