event_uptime:
  end: 1690312436.548568
  start: 1690312117.1567664
