event_sleeping:
  end: 1690312117.1846335
  start: 1690312117.1846275
