event_uptime:
  end: 1690580218.8748014
  start: 1690580108.5105486
