event_sleeping:
  end: 1690580108.489372
  start: 1690580108.489365
