event_uptime:
  end: 1690580148.5516686
  start: 1690580108.5073154
