event_sleeping:
  end: 1690580108.4896903
  start: 1690580108.489682
