event_uptime:
  end: 1690580174.3231473
  start: 1690580108.491727
