event_sleeping:
  end: 1690580108.4890747
  start: 1690580108.4890673
