event_sleeping:
  end: 1690331367.3505049
  start: 1690331367.350501
