event_sleeping:
  end: 1690331367.3509257
  start: 1690331367.3509214
