event_sleeping:
  end: 1690331367.3525937
  start: 1690331367.3525896
