event_sleeping:
  end: 1690331367.3535137
  start: 1690331367.353509
