event_sleeping:
  end: 1690331367.3514726
  start: 1690331367.3514688
