event_sleeping:
  end: 1690331367.3524895
  start: 1690331367.3524854
