event_sleeping:
  end: 1690331367.3551605
  start: 1690331367.3551567
