event_sleeping:
  end: 1690331367.3544438
  start: 1690331367.3544405
