event_sleeping:
  end: 1690331367.3546877
  start: 1690331367.3546839
