event_sleeping:
  end: 1690331367.355241
  start: 1690331367.355237
