event_sleeping:
  end: 1690331367.3523517
  start: 1690331367.3523479
