event_uptime:
  end: 1690582647.4923906
  start: 1690582536.9945629
