event_sleeping:
  end: 1690582536.9571817
  start: 1690582536.9571674
