event_sleeping:
  end: 1690582536.957282
  start: 1690582536.957273
