event_uptime:
  end: 1690582641.2719731
  start: 1690582536.9810996
