event_sleeping:
  end: 1690582536.956786
  start: 1690582536.956779
