event_uptime:
  end: 1690582577.0013819
  start: 1690582536.975501
