event_uptime:
  end: 1690582602.8200138
  start: 1690582536.9591339
