event_sleeping:
  end: 1690582536.956549
  start: 1690582536.9565415
