event_sleeping:
  end: 1690574340.728625
  start: 1690574340.7286127
