event_uptime:
  end: 1690574409.7283394
  start: 1690574340.7635262
