event_sleeping:
  end: 1690574340.7299976
  start: 1690574340.7299855
