event_uptime:
  end: 1690574399.4626138
  start: 1690574340.7642715
