event_uptime:
  end: 1690574417.054297
  start: 1690574340.7473335
