event_sleeping:
  end: 1690574340.7284596
  start: 1690574340.728446
