event_sleeping:
  end: 1690574340.7276413
  start: 1690574340.7276273
