event_uptime:
  end: 1690574405.567328
  start: 1690574340.7310462
