event_sleeping:
  end: 1690574340.7318563
  start: 1690574340.731843
