event_uptime:
  end: 1690574427.4967902
  start: 1690574340.7616246
