event_uptime:
  end: 1690574352.8233662
  start: 1690574340.7312784
