event_sleeping:
  end: 1690574340.7274797
  start: 1690574340.727295
