event_uptime:
  end: 1690574372.799426
  start: 1690574340.7775555
