event_sleeping:
  end: 1690574340.7282956
  start: 1690574340.7282798
