event_sleeping:
  end: 1690341550.8357909
  start: 1690341550.8357873
