event_sleeping:
  end: 1690341550.7996209
  start: 1690341550.7996175
