event_sleeping:
  end: 1690341550.8302991
  start: 1690341550.8301444
