event_sleeping:
  end: 1690341550.824685
  start: 1690341550.824681
