event_sleeping:
  end: 1690341550.7986422
  start: 1690341550.7986386
