event_sleeping:
  end: 1690341550.8300855
  start: 1690341550.8300817
