event_sleeping:
  end: 1690341550.8243032
  start: 1690341550.824299
