event_sleeping:
  end: 1690341550.7952218
  start: 1690341550.7952182
