event_sleeping:
  end: 1690341550.8340323
  start: 1690341550.8340285
