event_sleeping:
  end: 1690341550.8389645
  start: 1690341550.8389602
