event_sleeping:
  end: 1690341550.8270745
  start: 1690341550.8270657
