event_sleeping:
  end: 1690341550.796084
  start: 1690341550.7960799
