event_sleeping:
  end: 1690341550.7949286
  start: 1690341550.7949247
