event_sleeping:
  end: 1690341550.8304608
  start: 1690341550.8304558
