event_sleeping:
  end: 1690341550.8228385
  start: 1690341550.822833
