event_sleeping:
  end: 1690341550.829141
  start: 1690341550.829137
