event_sleeping:
  end: 1690341550.797854
  start: 1690341550.7978501
