event_sleeping:
  end: 1690341550.8424644
  start: 1690341550.84246
