event_sleeping:
  end: 1690341550.834842
  start: 1690341550.8348384
