event_sleeping:
  end: 1690341550.8381174
  start: 1690341550.8381052
