event_sleeping:
  end: 1690341550.8334727
  start: 1690341550.8334687
