event_sleeping:
  end: 1690341550.7970483
  start: 1690341550.7970443
