event_sleeping:
  end: 1690341550.8285384
  start: 1690341550.8285336
