event_sleeping:
  end: 1690341550.8156412
  start: 1690341550.8156319
