event_sleeping:
  end: 1690450117.4955242
  start: 1690450117.49552
