event_sleeping:
  end: 1690450117.5014746
  start: 1690450117.5014706
