event_sleeping:
  end: 1690450117.5241873
  start: 1690450117.52418
