event_sleeping:
  end: 1690450117.5033965
  start: 1690450117.5033922
