event_sleeping:
  end: 1690450117.5181632
  start: 1690450117.5181584
