event_sleeping:
  end: 1690450117.5162385
  start: 1690450117.5162342
