event_sleeping:
  end: 1690450117.5188982
  start: 1690450117.518893
