event_sleeping:
  end: 1690450117.4971826
  start: 1690450117.497179
