event_sleeping:
  end: 1690450117.4994643
  start: 1690450117.4994588
