event_sleeping:
  end: 1690450117.5308945
  start: 1690450117.5308902
