event_sleeping:
  end: 1690450117.4961157
  start: 1690450117.4961116
