event_sleeping:
  end: 1690450117.5059764
  start: 1690450117.5059676
