event_sleeping:
  end: 1690450117.5163739
  start: 1690450117.5163682
