event_sleeping:
  end: 1690450117.5252392
  start: 1690450117.5252352
