event_sleeping:
  end: 1690450117.5165172
  start: 1690450117.516513
