event_sleeping:
  end: 1690450117.5191216
  start: 1690450117.5191178
