event_sleeping:
  end: 1690450117.499686
  start: 1690450117.4996822
