event_sleeping:
  end: 1690450117.501013
  start: 1690450117.5010092
