event_sleeping:
  end: 1690450117.5279496
  start: 1690450117.5279455
