event_sleeping:
  end: 1690450117.5020924
  start: 1690450117.5020885
