event_sleeping:
  end: 1690450117.4978695
  start: 1690450117.4978652
