event_sleeping:
  end: 1690597010.6352675
  start: 1690597010.635231
