event_sleeping:
  end: 1690597010.6354592
  start: 1690597010.635425
