event_sleeping:
  end: 1690597010.6359205
  start: 1690597010.6358454
