event_sleeping:
  end: 1690597010.6371527
  start: 1690597010.6371353
