event_sleeping:
  end: 1690597010.6356206
  start: 1690597010.6356084
