event_sleeping:
  end: 1690597010.6382356
  start: 1690597010.6382215
