event_uptime:
  end: 1690571234.444069
  start: 1690571124.1300359
