event_sleeping:
  end: 1690571124.127493
  start: 1690571124.127486
