event_sleeping:
  end: 1690571124.1268225
  start: 1690571124.1268122
