event_uptime:
  end: 1690571164.1522706
  start: 1690571124.1297853
