event_uptime:
  end: 1690571189.8475366
  start: 1690571124.16245
