event_sleeping:
  end: 1690571124.127409
  start: 1690571124.1273904
