event_sleeping:
  end: 1690603421.207742
  start: 1690603421.207728
