event_uptime:
  end: 1690603533.347721
  start: 1690603421.2126055
