event_uptime:
  end: 1690603557.0435696
  start: 1690603421.318487
