event_uptime:
  end: 1690603550.0371063
  start: 1690603421.3194914
