event_sleeping:
  end: 1690603421.3164747
  start: 1690603421.316461
