event_uptime:
  end: 1690603526.9752333
  start: 1690603421.2133212
