event_sleeping:
  end: 1690603421.3148983
  start: 1690603421.3148847
