event_uptime:
  end: 1690603531.591455
  start: 1690603421.3188004
