event_sleeping:
  end: 1690603421.2087338
  start: 1690603421.2087207
