event_sleeping:
  end: 1690603421.3150594
  start: 1690603421.3150465
