event_uptime:
  end: 1690603539.311668
  start: 1690603421.3190038
