event_uptime:
  end: 1690603529.335444
  start: 1690603421.3336985
