event_sleeping:
  end: 1690603421.3153768
  start: 1690603421.3153622
