event_sleeping:
  end: 1690603421.3187523
  start: 1690603421.318736
