event_uptime:
  end: 1690603537.1291814
  start: 1690603421.2146327
