event_sleeping:
  end: 1690603421.21231
  start: 1690603421.2122936
