event_sleeping:
  end: 1690603421.2413225
  start: 1690603421.2413025
