event_uptime:
  end: 1690603530.0359988
  start: 1690603421.274067
