event_sleeping:
  end: 1690603421.2917192
  start: 1690603421.2916772
