event_uptime:
  end: 1690603576.7037325
  start: 1690603421.2972786
