event_uptime:
  end: 1690603524.6603668
  start: 1690603421.2763011
