event_sleeping:
  end: 1690603421.2403157
  start: 1690603421.2402964
