event_sleeping:
  end: 1690603421.2400289
  start: 1690603421.2400105
