event_uptime:
  end: 1690603530.2263167
  start: 1690603421.2767696
