event_sleeping:
  end: 1690603421.2947547
  start: 1690603421.2947419
