event_uptime:
  end: 1690603534.1353145
  start: 1690603421.3135746
