event_sleeping:
  end: 1690603421.2922854
  start: 1690603421.2922478
