event_uptime:
  end: 1690603524.5234652
  start: 1690603421.3141763
