event_uptime:
  end: 1690603548.9363763
  start: 1690603421.31104
