event_sleeping:
  end: 1690603421.2950046
  start: 1690603421.2949865
