event_uptime:
  end: 1690603461.264196
  start: 1690603421.213199
