event_sleeping:
  end: 1690603421.2062976
  start: 1690603421.20627
