event_uptime:
  end: 1690603488.992077
  start: 1690603421.2114568
