event_sleeping:
  end: 1690603421.2067573
  start: 1690603421.206711
