event_sleeping:
  end: 1690564864.5305753
  start: 1690564864.530568
