event_uptime:
  end: 1690564935.9996696
  start: 1690564864.5329096
