event_uptime:
  end: 1690565287.5190594
  start: 1690564864.5335712
