event_sleeping:
  end: 1690564864.5307937
  start: 1690564864.5307868
