event_sleeping:
  end: 1690564864.5311644
  start: 1690564864.5311573
