event_uptime:
  end: 1690565423.6295004
  start: 1690564864.5512285
