event_sleeping:
  end: 1690564864.5309553
  start: 1690564864.5309482
