event_uptime:
  end: 1690565183.0063555
  start: 1690564864.5339959
