event_uptime:
  end: 1690351925.0032914
  start: 1690351853.1622615
