event_sleeping:
  end: 1690351853.1609247
  start: 1690351853.1609042
