event_sleeping:
  end: 1690351853.183704
  start: 1690351853.1836834
