event_uptime:
  end: 1690352276.4642775
  start: 1690351853.170742
