event_uptime:
  end: 1690352276.4788802
  start: 1690351853.179964
