event_sleeping:
  end: 1690351853.1687515
  start: 1690351853.1687465
