event_sleeping:
  end: 1690351853.190258
  start: 1690351853.1902492
