event_uptime:
  end: 1690352276.469959
  start: 1690351853.1876934
