event_sleeping:
  end: 1690351853.178645
  start: 1690351853.1786413
