event_uptime:
  end: 1690352276.485985
  start: 1690351853.164708
