event_uptime:
  end: 1690352276.4613314
  start: 1690351853.195822
