event_sleeping:
  end: 1690351853.162536
  start: 1690351853.1625323
