event_sleeping:
  end: 1690351853.1708224
  start: 1690351853.1701283
