event_uptime:
  end: 1690352412.6141763
  start: 1690351853.1646183
