event_uptime:
  end: 1690352412.5907917
  start: 1690351853.1814039
