event_uptime:
  end: 1690352412.573389
  start: 1690351853.168967
