event_sleeping:
  end: 1690351853.1787655
  start: 1690351853.1787617
