event_uptime:
  end: 1690352412.5695572
  start: 1690351853.175261
