event_sleeping:
  end: 1690351853.1652744
  start: 1690351853.1652699
