event_sleeping:
  end: 1690351853.1876278
  start: 1690351853.1876233
