event_sleeping:
  end: 1690351853.1622517
  start: 1690351853.162248
