event_uptime:
  end: 1690352412.5697901
  start: 1690351853.1906195
