event_sleeping:
  end: 1690351853.164057
  start: 1690351853.1640532
