event_uptime:
  end: 1690352171.89945
  start: 1690351853.173311
