event_sleeping:
  end: 1690351853.1775033
  start: 1690351853.1774952
