event_uptime:
  end: 1690352171.9299672
  start: 1690351853.1871042
