event_uptime:
  end: 1690352171.9695399
  start: 1690351853.1645226
