event_uptime:
  end: 1690352171.929691
  start: 1690351853.1681082
