event_sleeping:
  end: 1690351853.1840847
  start: 1690351853.1840806
