event_sleeping:
  end: 1690351853.1620102
  start: 1690351853.1620064
