event_sleeping:
  end: 1690351853.1692157
  start: 1690351853.1692097
