event_uptime:
  end: 1690352171.965947
  start: 1690351853.1792417
