event_sleeping:
  end: 1690472032.684593
  start: 1690472032.6845543
