event_sleeping:
  end: 1690472032.7639084
  start: 1690472032.7638893
