event_sleeping:
  end: 1690472032.685107
  start: 1690472032.6850915
