event_sleeping:
  end: 1690472032.835201
  start: 1690472032.8351877
