event_sleeping:
  end: 1690472032.8734305
  start: 1690472032.8734193
