event_sleeping:
  end: 1690472032.698141
  start: 1690472032.6981285
