event_sleeping:
  end: 1690472032.945362
  start: 1690472032.9453497
