event_sleeping:
  end: 1690472032.904696
  start: 1690472032.9046578
