event_sleeping:
  end: 1690472032.8721533
  start: 1690472032.8721385
