event_sleeping:
  end: 1690472032.924871
  start: 1690472032.924831
