event_sleeping:
  end: 1690472032.9784412
  start: 1690472032.9783986
