event_sleeping:
  end: 1690472032.6953802
  start: 1690472032.6953673
