event_sleeping:
  end: 1690472032.6897862
  start: 1690472032.6897724
