event_sleeping:
  end: 1690472032.9048638
  start: 1690472032.8915176
