event_sleeping:
  end: 1690472032.7431116
  start: 1690472032.7430925
