event_sleeping:
  end: 1690472032.6879356
  start: 1690472032.6879203
