event_sleeping:
  end: 1690472032.9421852
  start: 1690472032.9421713
