event_sleeping:
  end: 1690472032.6943502
  start: 1690472032.6943362
