event_sleeping:
  end: 1690472032.8722289
  start: 1690472032.8713124
