event_sleeping:
  end: 1690472032.8533475
  start: 1690472032.8533328
