event_sleeping:
  end: 1690472032.924449
  start: 1690472032.9244356
