event_sleeping:
  end: 1690472032.983821
  start: 1690472032.9838004
