event_sleeping:
  end: 1690472032.6976056
  start: 1690472032.6975763
