event_sleeping:
  end: 1690472032.7805169
  start: 1690472032.780501
