event_sleeping:
  end: 1690472032.693769
  start: 1690472032.693754
