event_sleeping:
  end: 1690472032.907688
  start: 1690472032.9076784
