event_sleeping:
  end: 1690472032.849177
  start: 1690472032.8491604
