event_sleeping:
  end: 1690472032.7000651
  start: 1690472032.7000399
