event_sleeping:
  end: 1690472032.7401228
  start: 1690472032.740103
