event_sleeping:
  end: 1690472032.9426844
  start: 1690472032.9426692
