event_sleeping:
  end: 1690472032.6873407
  start: 1690472032.6873262
