event_sleeping:
  end: 1690311535.5807533
  start: 1690311535.5807488
