event_uptime:
  end: 1690311603.756532
  start: 1690311535.5833793
