event_uptime:
  end: 1690311939.894328
  start: 1690311535.6093614
