event_uptime:
  end: 1690311939.9313602
  start: 1690311535.61886
