event_uptime:
  end: 1690311940.0336704
  start: 1690311535.589645
