event_uptime:
  end: 1690311940.0202193
  start: 1690311535.5878878
