event_uptime:
  end: 1690311940.044433
  start: 1690311535.5877557
