event_sleeping:
  end: 1690311535.590241
  start: 1690311535.5902374
