event_uptime:
  end: 1690311940.0083318
  start: 1690311535.6341107
