event_sleeping:
  end: 1690311535.600517
  start: 1690311535.600513
