event_sleeping:
  end: 1690311535.5871594
  start: 1690311535.587155
