event_uptime:
  end: 1690311939.9821343
  start: 1690311535.5943048
