event_sleeping:
  end: 1690311535.6074169
  start: 1690311535.607413
