event_sleeping:
  end: 1690311535.5838141
  start: 1690311535.5838099
