event_sleeping:
  end: 1690311535.609349
  start: 1690311535.6093445
