event_sleeping:
  end: 1690311535.5860915
  start: 1690311535.5860877
