event_uptime:
  end: 1690311940.0461204
  start: 1690311535.6024823
