event_sleeping:
  end: 1690311535.590501
  start: 1690311535.590423
