event_sleeping:
  end: 1690311535.590926
  start: 1690311535.5909219
