event_uptime:
  end: 1690311939.9859426
  start: 1690311535.5949104
