event_sleeping:
  end: 1690311535.6210577
  start: 1690311535.6210496
