event_uptime:
  end: 1690311939.99329
  start: 1690311535.591617
