event_uptime:
  end: 1690312076.0852032
  start: 1690311535.6024065
