event_sleeping:
  end: 1690311535.5878778
  start: 1690311535.5873826
