event_uptime:
  end: 1690312076.1272817
  start: 1690311535.5988083
