event_sleeping:
  end: 1690311535.5982215
  start: 1690311535.5982175
