event_sleeping:
  end: 1690311535.6090903
  start: 1690311535.609086
