event_uptime:
  end: 1690312076.1218426
  start: 1690311535.6268368
