event_sleeping:
  end: 1690311535.5821521
  start: 1690311535.582148
