event_sleeping:
  end: 1690311535.5950887
  start: 1690311535.5950844
