event_sleeping:
  end: 1690311535.616231
  start: 1690311535.616159
