event_sleeping:
  end: 1690311535.5828626
  start: 1690311535.5828586
