event_sleeping:
  end: 1690311535.6001687
  start: 1690311535.600165
