event_uptime:
  end: 1690312076.0024788
  start: 1690311535.6186445
