event_uptime:
  end: 1690312076.1817036
  start: 1690311535.5842924
