event_sleeping:
  end: 1690311535.598798
  start: 1690311535.5987945
