event_uptime:
  end: 1690312076.1015146
  start: 1690311535.585287
