event_uptime:
  end: 1690312076.127598
  start: 1690311535.5901449
