event_uptime:
  end: 1690312076.105314
  start: 1690311535.59025
