event_uptime:
  end: 1690312076.102294
  start: 1690311535.6009288
