event_uptime:
  end: 1690312076.1412077
  start: 1690311535.6003323
