event_sleeping:
  end: 1690311535.5886352
  start: 1690311535.58863
