event_sleeping:
  end: 1690311535.5996506
  start: 1690311535.5996468
