event_uptime:
  end: 1690311839.2091393
  start: 1690311535.6088552
