event_uptime:
  end: 1690311839.2364454
  start: 1690311535.6157942
