event_sleeping:
  end: 1690311535.6070166
  start: 1690311535.6070092
