event_uptime:
  end: 1690311839.277865
  start: 1690311535.5904267
