event_uptime:
  end: 1690311839.2222981
  start: 1690311535.5886478
