event_sleeping:
  end: 1690311535.6092305
  start: 1690311535.6092265
