event_uptime:
  end: 1690311839.2017293
  start: 1690311535.6046658
