event_sleeping:
  end: 1690311535.6095612
  start: 1690311535.6095564
