event_sleeping:
  end: 1690311535.6003034
  start: 1690311535.6002991
