event_sleeping:
  end: 1690311535.5952222
  start: 1690311535.5952182
