event_sleeping:
  end: 1690311535.586854
  start: 1690311535.5868497
