event_sleeping:
  end: 1690311535.5903754
  start: 1690311535.5903718
