event_uptime:
  end: 1690311839.2106717
  start: 1690311535.5920696
