event_uptime:
  end: 1690311839.210724
  start: 1690311535.5995069
