event_sleeping:
  end: 1690311535.581197
  start: 1690311535.581193
