event_uptime:
  end: 1690311839.1516547
  start: 1690311535.6182792
