event_uptime:
  end: 1690311839.2745955
  start: 1690311535.5854435
