event_sleeping:
  end: 1690311535.5891893
  start: 1690311535.5891845
