event_uptime:
  end: 1690311839.2586215
  start: 1690311535.6023214
