event_uptime:
  end: 1690580881.3000712
  start: 1690580770.412392
