event_sleeping:
  end: 1690580770.4086454
  start: 1690580770.4086134
