event_sleeping:
  end: 1690580770.4106808
  start: 1690580770.4106596
