event_uptime:
  end: 1690580875.10137
  start: 1690580770.4354422
