event_uptime:
  end: 1690580885.0836387
  start: 1690580770.4137712
