event_sleeping:
  end: 1690580770.4104002
  start: 1690580770.4103858
