event_sleeping:
  end: 1690580770.4130929
  start: 1690580770.4123755
