event_uptime:
  end: 1690580878.1795344
  start: 1690580770.434104
