event_uptime:
  end: 1690580924.739081
  start: 1690580770.4974236
