event_sleeping:
  end: 1690580770.4324558
  start: 1690580770.4323947
