event_uptime:
  end: 1690580810.4746377
  start: 1690580770.4118896
