event_sleeping:
  end: 1690580770.4082131
  start: 1690580770.408199
