event_uptime:
  end: 1690580836.6687202
  start: 1690580770.4496548
