event_sleeping:
  end: 1690580770.4118552
  start: 1690580770.411838
