event_sleeping:
  end: 1690581744.5660343
  start: 1690581744.5660274
