event_uptime:
  end: 1690581855.4145486
  start: 1690581744.5690436
