event_uptime:
  end: 1690581784.5923367
  start: 1690581744.5686705
