event_sleeping:
  end: 1690581744.5657895
  start: 1690581744.5657823
