event_sleeping:
  end: 1690581744.5663319
  start: 1690581744.566324
