event_uptime:
  end: 1690581810.3361814
  start: 1690581744.5917552
