event_sleeping:
  end: 1690602503.48433
  start: 1690602503.484316
