event_uptime:
  end: 1690602615.3333993
  start: 1690602503.5054963
