event_sleeping:
  end: 1690602503.5953882
  start: 1690602503.595368
