event_uptime:
  end: 1690602611.5732737
  start: 1690602503.6611176
