event_sleeping:
  end: 1690602503.481362
  start: 1690602503.4800954
