event_sleeping:
  end: 1690602503.5493083
  start: 1690602503.5492823
