event_sleeping:
  end: 1690602503.6327069
  start: 1690602503.6326904
