event_uptime:
  end: 1690602621.5753736
  start: 1690602503.6581297
