event_uptime:
  end: 1690602639.3751037
  start: 1690602503.578539
