event_sleeping:
  end: 1690602503.632042
  start: 1690602503.6320262
