event_sleeping:
  end: 1690602503.6279607
  start: 1690602503.6279445
