event_uptime:
  end: 1690602613.8612235
  start: 1690602503.6339648
