event_uptime:
  end: 1690602632.1799424
  start: 1690602503.6107924
