event_uptime:
  end: 1690602609.2483132
  start: 1690602503.48408
