event_sleeping:
  end: 1690602503.4857943
  start: 1690602503.4857616
