event_uptime:
  end: 1690602619.4084232
  start: 1690602503.507215
