event_uptime:
  end: 1690602612.2846155
  start: 1690602503.501943
