event_sleeping:
  end: 1690602503.4852443
  start: 1690602503.485231
