event_sleeping:
  end: 1690602503.4863007
  start: 1690602503.4862816
