event_uptime:
  end: 1690602658.98761
  start: 1690602503.5296896
