event_uptime:
  end: 1690602606.90025
  start: 1690602503.5234315
