event_sleeping:
  end: 1690602503.4885328
  start: 1690602503.4885185
