event_uptime:
  end: 1690602612.4790523
  start: 1690602503.5320387
