event_sleeping:
  end: 1690602503.5285974
  start: 1690602503.5285854
