event_uptime:
  end: 1690602616.3324475
  start: 1690602503.5451822
