event_sleeping:
  end: 1690602503.5312362
  start: 1690602503.531219
