event_uptime:
  end: 1690602606.5207112
  start: 1690602503.5326915
