event_sleeping:
  end: 1690602503.52925
  start: 1690602503.5292325
