event_sleeping:
  end: 1690602503.6141999
  start: 1690602503.6141856
