event_uptime:
  end: 1690602631.357035
  start: 1690602503.633393
