event_uptime:
  end: 1690602543.5331168
  start: 1690602503.4828548
