event_sleeping:
  end: 1690602503.4789724
  start: 1690602503.4789412
