event_uptime:
  end: 1690602571.2374852
  start: 1690602503.4859653
