event_sleeping:
  end: 1690602503.483787
  start: 1690602503.4827356
