event_sleeping:
  end: 1690541584.389676
  start: 1690541584.389663
