event_sleeping:
  end: 1690541584.0768268
  start: 1690541584.076811
