event_sleeping:
  end: 1690541583.5902152
  start: 1690541583.5901947
