event_sleeping:
  end: 1690541583.8787825
  start: 1690541583.878761
