event_sleeping:
  end: 1690541583.8554618
  start: 1690541583.8554482
