event_sleeping:
  end: 1690541584.306543
  start: 1690541584.3062496
