event_sleeping:
  end: 1690541583.7270985
  start: 1690541583.7270818
