event_sleeping:
  end: 1690541584.3921976
  start: 1690541584.3921845
