event_sleeping:
  end: 1690541583.8073833
  start: 1690541583.8073688
