event_sleeping:
  end: 1690541583.9686887
  start: 1690541583.9686685
