event_sleeping:
  end: 1690541584.0252585
  start: 1690541584.0252433
