event_sleeping:
  end: 1690541583.596441
  start: 1690541583.5964272
