event_sleeping:
  end: 1690541584.4753616
  start: 1690541584.475345
