event_sleeping:
  end: 1690541583.540749
  start: 1690541583.540738
