event_sleeping:
  end: 1690541584.2384262
  start: 1690541584.238413
