event_sleeping:
  end: 1690541584.393498
  start: 1690541584.3934836
