event_sleeping:
  end: 1690541583.931634
  start: 1690541583.9316156
