event_sleeping:
  end: 1690541584.1211598
  start: 1690541584.121139
