event_sleeping:
  end: 1690541584.391638
  start: 1690541584.3916242
