event_sleeping:
  end: 1690541583.6797843
  start: 1690541583.6797457
