event_sleeping:
  end: 1690541583.588967
  start: 1690541583.5889359
