event_sleeping:
  end: 1690541583.8589468
  start: 1690541583.858933
