event_sleeping:
  end: 1690541584.3333426
  start: 1690541584.3333294
