event_sleeping:
  end: 1690541584.0262585
  start: 1690541584.0262458
