event_sleeping:
  end: 1690541583.813783
  start: 1690541583.81377
