event_sleeping:
  end: 1690541584.1938426
  start: 1690541584.1938283
