event_sleeping:
  end: 1690541584.4269128
  start: 1690541584.4268966
