event_sleeping:
  end: 1690541583.5393178
  start: 1690541583.539285
