event_sleeping:
  end: 1690541583.7702663
  start: 1690541583.770253
