event_sleeping:
  end: 1690541583.5478406
  start: 1690541583.5478282
