event_sleeping:
  end: 1690541584.122028
  start: 1690541584.1220076
