event_sleeping:
  end: 1690541583.5451865
  start: 1690541583.545173
