event_sleeping:
  end: 1690541584.395196
  start: 1690541584.3951838
