event_sleeping:
  end: 1690541583.7277293
  start: 1690541583.7277155
