event_sleeping:
  end: 1690541583.8842895
  start: 1690541583.8842757
