event_sleeping:
  end: 1690541584.2619355
  start: 1690541584.2619221
