event_sleeping:
  end: 1690541583.8563137
  start: 1690541583.856298
