event_sleeping:
  end: 1690541584.387809
  start: 1690541584.387795
