event_sleeping:
  end: 1690541583.9718544
  start: 1690541583.9718375
