event_sleeping:
  end: 1690541583.8096404
  start: 1690541583.809627
