event_sleeping:
  end: 1690541584.498521
  start: 1690541584.498508
