event_sleeping:
  end: 1690541584.0742493
  start: 1690541584.0742328
