event_sleeping:
  end: 1690541583.5957148
  start: 1690541583.5956988
