event_sleeping:
  end: 1690541583.6237187
  start: 1690541583.6236856
