event_sleeping:
  end: 1690541584.3560665
  start: 1690541584.3560526
