event_sleeping:
  end: 1690541583.544278
  start: 1690541583.5442653
