event_sleeping:
  end: 1690541584.3609326
  start: 1690541584.3609178
