event_sleeping:
  end: 1690541583.938672
  start: 1690541583.9386575
