event_sleeping:
  end: 1690541583.8133066
  start: 1690541583.813294
