event_sleeping:
  end: 1690541584.0757504
  start: 1690541584.0757365
