event_sleeping:
  end: 1690541584.4993324
  start: 1690541584.4993095
