event_sleeping:
  end: 1690541583.8569925
  start: 1690541583.8569756
