event_sleeping:
  end: 1690541584.0710878
  start: 1690541584.0710723
