event_sleeping:
  end: 1690541584.388532
  start: 1690541584.3885195
