event_sleeping:
  end: 1690541583.5462658
  start: 1690541583.5458329
