event_sleeping:
  end: 1690541583.7666476
  start: 1690541583.7666316
