event_sleeping:
  end: 1690541584.1467254
  start: 1690541584.1467128
