event_sleeping:
  end: 1690541583.591335
  start: 1690541583.5913155
