event_sleeping:
  end: 1690541583.5979934
  start: 1690541583.59798
