event_sleeping:
  end: 1690541584.4263806
  start: 1690541584.4263654
