event_sleeping:
  end: 1690541584.3040671
  start: 1690541584.304054
