event_sleeping:
  end: 1690541583.657165
  start: 1690541583.6571465
