event_sleeping:
  end: 1690541584.498796
  start: 1690541584.4987822
