event_sleeping:
  end: 1690541583.5450644
  start: 1690541583.5450447
