event_sleeping:
  end: 1690541584.3062923
  start: 1690541584.3059645
