event_sleeping:
  end: 1690541584.0739367
  start: 1690541584.0739222
