event_sleeping:
  end: 1690541584.14614
  start: 1690541584.1461253
