event_sleeping:
  end: 1690541583.5482578
  start: 1690541583.5482438
