event_sleeping:
  end: 1690541583.9670103
  start: 1690541583.9669957
