event_sleeping:
  end: 1690541584.391912
  start: 1690541584.3918896
