event_sleeping:
  end: 1690541584.418115
  start: 1690541584.4180913
