event_sleeping:
  end: 1690541583.8558629
  start: 1690541583.8558471
