event_sleeping:
  end: 1690541583.7632625
  start: 1690541583.7632463
