event_sleeping:
  end: 1690541584.3601801
  start: 1690541584.3601658
