event_sleeping:
  end: 1690541583.8121593
  start: 1690541583.8121457
