event_sleeping:
  end: 1690541584.0235908
  start: 1690541584.023575
