event_uptime:
  end: 1690433224.4157677
  start: 1690433152.867032
