event_sleeping:
  end: 1690433152.863155
  start: 1690433152.8630683
