event_uptime:
  end: 1690433575.8598242
  start: 1690433152.9490364
