event_sleeping:
  end: 1690433152.865342
  start: 1690433152.865314
