event_sleeping:
  end: 1690433152.9202275
  start: 1690433152.9201992
