event_uptime:
  end: 1690433575.8599653
  start: 1690433152.868191
