event_sleeping:
  end: 1690433152.867651
  start: 1690433152.8676298
