event_uptime:
  end: 1690433711.9432724
  start: 1690433152.8869839
