event_uptime:
  end: 1690433711.9632442
  start: 1690433152.867367
