event_sleeping:
  end: 1690433152.863508
  start: 1690433152.86348
