event_sleeping:
  end: 1690433152.8660016
  start: 1690433152.865985
