event_uptime:
  end: 1690433471.3462873
  start: 1690433152.8899963
