event_sleeping:
  end: 1690433152.8673146
  start: 1690433152.8673012
