event_uptime:
  end: 1690433471.3395238
  start: 1690433152.8912885
