event_sleeping:
  end: 1690575010.09652
  start: 1690575010.0965006
