event_uptime:
  end: 1690575121.6816533
  start: 1690575010.1439826
