event_sleeping:
  end: 1690575010.0901148
  start: 1690575010.0900939
