event_uptime:
  end: 1690575115.3435996
  start: 1690575010.0947673
