event_uptime:
  end: 1690575125.343698
  start: 1690575010.0965724
