event_sleeping:
  end: 1690575010.0946972
  start: 1690575010.0946817
