event_uptime:
  end: 1690575118.514547
  start: 1690575010.1177244
