event_sleeping:
  end: 1690575010.0967562
  start: 1690575010.0967388
