event_sleeping:
  end: 1690575010.096352
  start: 1690575010.096332
