event_uptime:
  end: 1690575164.9593928
  start: 1690575010.1142242
