event_sleeping:
  end: 1690575010.1218154
  start: 1690575010.121787
