event_uptime:
  end: 1690575113.12353
  start: 1690575010.144142
