event_uptime:
  end: 1690575118.443737
  start: 1690575010.1221232
