event_sleeping:
  end: 1690575010.0981069
  start: 1690575010.0980904
