event_sleeping:
  end: 1690575010.1224904
  start: 1690575010.1224773
