event_uptime:
  end: 1690575122.306566
  start: 1690575010.142214
