event_sleeping:
  end: 1690575010.1449835
  start: 1690575010.1449685
