event_uptime:
  end: 1690575112.832284
  start: 1690575010.1609902
