event_uptime:
  end: 1690575137.404109
  start: 1690575010.1787262
