event_sleeping:
  end: 1690575010.1609554
  start: 1690575010.160939
