event_uptime:
  end: 1690575050.171747
  start: 1690575010.0923598
