event_sleeping:
  end: 1690575010.08984
  start: 1690575010.0898256
