event_sleeping:
  end: 1690575010.092258
  start: 1690575010.092194
