event_uptime:
  end: 1690575077.1043112
  start: 1690575010.095898
