event_sleeping:
  end: 1690424817.7157247
  start: 1690424817.7157066
