event_sleeping:
  end: 1690424817.6619432
  start: 1690424817.6606615
