event_sleeping:
  end: 1690424817.6649532
  start: 1690424817.6649358
