event_sleeping:
  end: 1690424817.8808544
  start: 1690424817.8808396
