event_sleeping:
  end: 1690424817.7153366
  start: 1690424817.715318
