event_sleeping:
  end: 1690424817.6732414
  start: 1690424817.6732285
