event_sleeping:
  end: 1690424817.8339992
  start: 1690424817.8339763
