event_sleeping:
  end: 1690424817.666987
  start: 1690424817.666972
