event_sleeping:
  end: 1690424817.7150486
  start: 1690424817.7150242
