event_sleeping:
  end: 1690424817.6624656
  start: 1690424817.662452
