event_sleeping:
  end: 1690424817.67549
  start: 1690424817.675473
