event_sleeping:
  end: 1690424817.6694486
  start: 1690424817.6694264
