event_sleeping:
  end: 1690424817.883296
  start: 1690424817.8832839
