event_sleeping:
  end: 1690424817.6618674
  start: 1690424817.6618524
