event_sleeping:
  end: 1690424817.6688251
  start: 1690424817.6688113
