event_sleeping:
  end: 1690424817.678225
  start: 1690424817.6782122
