event_sleeping:
  end: 1690424817.8019905
  start: 1690424817.801975
