event_sleeping:
  end: 1690424817.8830657
  start: 1690424817.883053
