event_sleeping:
  end: 1690424817.6696773
  start: 1690424817.6696603
