event_sleeping:
  end: 1690424817.6724894
  start: 1690424817.6710682
