event_sleeping:
  end: 1690424817.8023417
  start: 1690424817.8023272
