event_sleeping:
  end: 1690424817.852073
  start: 1690424817.852059
