event_sleeping:
  end: 1690424817.6741185
  start: 1690424817.6736786
