event_sleeping:
  end: 1690424817.6789038
  start: 1690424817.6788907
