event_sleeping:
  end: 1690596595.7650673
  start: 1690596595.7648907
