event_sleeping:
  end: 1690596596.1014347
  start: 1690596596.1014109
