event_sleeping:
  end: 1690596595.934949
  start: 1690596595.9349344
