event_sleeping:
  end: 1690596595.9811518
  start: 1690596595.9811368
