event_sleeping:
  end: 1690596596.100838
  start: 1690596596.1008253
