event_sleeping:
  end: 1690596595.8941286
  start: 1690596595.8941128
