event_sleeping:
  end: 1690596595.7657735
  start: 1690596595.7657592
