event_sleeping:
  end: 1690596595.8973951
  start: 1690596595.897381
