event_sleeping:
  end: 1690596596.0659509
  start: 1690596596.0659368
