event_sleeping:
  end: 1690596595.802124
  start: 1690596595.8021088
