event_sleeping:
  end: 1690596595.9808602
  start: 1690596595.9808338
