event_sleeping:
  end: 1690596595.9761813
  start: 1690596595.9761667
