event_sleeping:
  end: 1690596596.0150516
  start: 1690596596.0150375
