event_sleeping:
  end: 1690596595.9390213
  start: 1690596595.9390078
