event_sleeping:
  end: 1690596595.766009
  start: 1690596595.7659965
