event_sleeping:
  end: 1690596596.0304275
  start: 1690596596.030411
