event_sleeping:
  end: 1690596596.1012416
  start: 1690596596.1012182
