event_sleeping:
  end: 1690596595.9401293
  start: 1690596595.9401143
