event_sleeping:
  end: 1690596595.983193
  start: 1690596595.983179
