event_sleeping:
  end: 1690596596.0108283
  start: 1690596596.0108137
