event_sleeping:
  end: 1690596596.0657337
  start: 1690596596.0657198
