event_sleeping:
  end: 1690596596.1245956
  start: 1690596596.124583
