event_sleeping:
  end: 1690596596.0152605
  start: 1690596596.0152466
