event_sleeping:
  end: 1690596596.0678682
  start: 1690596596.0678546
