event_sleeping:
  end: 1690596595.7692485
  start: 1690596595.7692199
