event_sleeping:
  end: 1690596596.0651038
  start: 1690596596.065089
