event_sleeping:
  end: 1690596595.9365678
  start: 1690596595.9365532
