event_sleeping:
  end: 1690596595.7702153
  start: 1690596595.7702017
