event_sleeping:
  end: 1690596595.8968513
  start: 1690596595.8968334
