event_sleeping:
  end: 1690596595.8561058
  start: 1690596595.8560882
