event_sleeping:
  end: 1690596595.82413
  start: 1690596595.8241088
