event_sleeping:
  end: 1690596595.7650418
  start: 1690596595.7645996
