event_sleeping:
  end: 1690539382.9940891
  start: 1690539382.9940681
