event_sleeping:
  end: 1690539382.653405
  start: 1690539382.6533918
