event_sleeping:
  end: 1690539383.1371386
  start: 1690539383.1371243
