event_sleeping:
  end: 1690539383.1082823
  start: 1690539383.1082683
