event_sleeping:
  end: 1690539382.6535988
  start: 1690539382.653583
