event_sleeping:
  end: 1690539382.807197
  start: 1690539382.8071828
