event_sleeping:
  end: 1690539382.9988375
  start: 1690539382.9987261
