event_sleeping:
  end: 1690539382.919125
  start: 1690539382.919107
