event_sleeping:
  end: 1690539383.046117
  start: 1690539383.0461037
