event_sleeping:
  end: 1690539382.6942587
  start: 1690539382.6942446
