event_sleeping:
  end: 1690539383.0213308
  start: 1690539383.0213158
