event_sleeping:
  end: 1690539382.9953747
  start: 1690539382.9953604
