event_sleeping:
  end: 1690539382.6626863
  start: 1690539382.6626697
