event_sleeping:
  end: 1690539383.0435119
  start: 1690539383.0434983
