event_sleeping:
  end: 1690539382.8045702
  start: 1690539382.804547
