event_sleeping:
  end: 1690539382.6504855
  start: 1690539382.6504714
