event_sleeping:
  end: 1690539383.1356893
  start: 1690539383.1356738
