event_sleeping:
  end: 1690539383.1085837
  start: 1690539383.108568
