event_sleeping:
  end: 1690539382.900576
  start: 1690539382.9005613
