event_sleeping:
  end: 1690539383.0397196
  start: 1690539383.039703
