event_sleeping:
  end: 1690539382.8056576
  start: 1690539382.805644
