event_sleeping:
  end: 1690539382.988134
  start: 1690539382.9881165
