event_sleeping:
  end: 1690539383.139403
  start: 1690539383.1393886
