event_sleeping:
  end: 1690539383.1078372
  start: 1690539383.107821
