event_sleeping:
  end: 1690539382.6926885
  start: 1690539382.692673
