event_sleeping:
  end: 1690539383.0449674
  start: 1690539383.0449533
