event_sleeping:
  end: 1690539382.6573842
  start: 1690539382.6573648
