event_sleeping:
  end: 1690539382.6617424
  start: 1690539382.661728
