event_sleeping:
  end: 1690539382.921814
  start: 1690539382.9217982
