event_sleeping:
  end: 1690539383.201873
  start: 1690539383.2018573
