event_sleeping:
  end: 1690539383.047999
  start: 1690539383.0479774
