event_sleeping:
  end: 1690539382.6642437
  start: 1690539382.6642299
