event_sleeping:
  end: 1690539382.952181
  start: 1690539382.9521673
