event_sleeping:
  end: 1690539382.6540341
  start: 1690539382.6540205
