event_sleeping:
  end: 1690539383.1353428
  start: 1690539383.1353278
