event_sleeping:
  end: 1690539382.7009714
  start: 1690539382.7009554
