event_sleeping:
  end: 1690539383.0430167
  start: 1690539383.0430045
