event_sleeping:
  end: 1690539382.8285646
  start: 1690539382.828513
