event_sleeping:
  end: 1690539382.9978845
  start: 1690539382.9978704
