event_sleeping:
  end: 1690539382.6528146
  start: 1690539382.6528018
