event_sleeping:
  end: 1690539383.0472214
  start: 1690539383.047207
