event_sleeping:
  end: 1690539383.1336958
  start: 1690539383.133681
