event_sleeping:
  end: 1690539382.9946408
  start: 1690539382.994629
