event_sleeping:
  end: 1690539383.040797
  start: 1690539383.0407796
