event_sleeping:
  end: 1690539382.9283166
  start: 1690539382.9283042
