event_sleeping:
  end: 1690539382.6644664
  start: 1690539382.664136
