event_sleeping:
  end: 1690539382.857597
  start: 1690539382.8575845
