event_sleeping:
  end: 1690539382.6980052
  start: 1690539382.69799
