event_sleeping:
  end: 1690539383.1598299
  start: 1690539383.1598165
