event_sleeping:
  end: 1690413039.0609488
  start: 1690413039.0608952
