event_sleeping:
  end: 1690413039.1284566
  start: 1690413039.1284177
