event_sleeping:
  end: 1690413039.1988564
  start: 1690413039.1988416
