event_sleeping:
  end: 1690413039.3799655
  start: 1690413039.3799365
