event_sleeping:
  end: 1690413039.2491243
  start: 1690413039.2483957
