event_sleeping:
  end: 1690413039.1277125
  start: 1690413039.1276448
