event_sleeping:
  end: 1690413039.057966
  start: 1690413039.0579503
