event_sleeping:
  end: 1690413039.1981456
  start: 1690413039.1981316
