event_sleeping:
  end: 1690413039.2497828
  start: 1690413039.2497685
