event_sleeping:
  end: 1690413039.333006
  start: 1690413039.3329525
