event_sleeping:
  end: 1690413039.1744466
  start: 1690413039.1744237
