event_sleeping:
  end: 1690413039.0585604
  start: 1690413039.0585494
