event_sleeping:
  end: 1690413039.353024
  start: 1690413039.3530066
