event_sleeping:
  end: 1690413039.0848665
  start: 1690413039.0848358
