event_sleeping:
  end: 1690413039.2898135
  start: 1690413039.2897966
