event_sleeping:
  end: 1690413039.2224486
  start: 1690413039.2224345
