event_sleeping:
  end: 1690413039.2461815
  start: 1690413039.246159
