event_sleeping:
  end: 1690413039.195171
  start: 1690413039.1951463
