event_sleeping:
  end: 1690413039.3127532
  start: 1690413039.3127093
