event_sleeping:
  end: 1690413039.3830864
  start: 1690413039.3830674
