event_sleeping:
  end: 1690413039.1068609
  start: 1690413039.1068296
