event_sleeping:
  end: 1690413039.3562388
  start: 1690413039.3562121
