event_sleeping:
  end: 1690413039.2894468
  start: 1690413039.289425
