event_sleeping:
  end: 1690413039.0597765
  start: 1690413039.0597608
