event_sleeping:
  end: 1690413039.1747632
  start: 1690413039.1747441
