event_sleeping:
  end: 1690413039.2475069
  start: 1690413039.247486
