event_sleeping:
  end: 1690629340.3987765
  start: 1690629340.398764
