event_uptime:
  end: 1690629413.1509235
  start: 1690629340.4021373
