event_sleeping:
  end: 1690629340.716331
  start: 1690629340.7160456
