event_uptime:
  end: 1690629764.495241
  start: 1690629340.4083118
