event_sleeping:
  end: 1690629340.6124222
  start: 1690629340.6124036
