event_sleeping:
  end: 1690629340.714304
  start: 1690629340.7142904
