event_sleeping:
  end: 1690629340.4387636
  start: 1690629340.4387445
