event_uptime:
  end: 1690629764.3985248
  start: 1690629340.83811
