event_uptime:
  end: 1690629764.398816
  start: 1690629340.4621098
