event_sleeping:
  end: 1690629340.6107352
  start: 1690629340.6107213
