event_sleeping:
  end: 1690629340.5119421
  start: 1690629340.5119076
