event_uptime:
  end: 1690629764.4413412
  start: 1690629340.4102635
