event_uptime:
  end: 1690629764.4775617
  start: 1690629340.7121387
