event_uptime:
  end: 1690629764.530807
  start: 1690629340.687984
