event_sleeping:
  end: 1690629340.687567
  start: 1690629340.6875176
