event_uptime:
  end: 1690629764.511606
  start: 1690629340.65647
