event_uptime:
  end: 1690629764.4594018
  start: 1690629340.7347004
