event_uptime:
  end: 1690629764.3753529
  start: 1690629340.5341265
