event_sleeping:
  end: 1690629340.404415
  start: 1690629340.4044042
