event_sleeping:
  end: 1690629340.4048266
  start: 1690629340.4048123
