event_uptime:
  end: 1690629764.434662
  start: 1690629340.631515
