event_sleeping:
  end: 1690629340.6594703
  start: 1690629340.6594536
