event_sleeping:
  end: 1690629340.6117568
  start: 1690629340.611733
