event_uptime:
  end: 1690629900.585923
  start: 1690629340.5727255
