event_sleeping:
  end: 1690629340.4084635
  start: 1690629340.4084501
