event_uptime:
  end: 1690629900.4913988
  start: 1690629340.7925289
