event_uptime:
  end: 1690629900.615455
  start: 1690629340.4078722
