event_sleeping:
  end: 1690629340.685813
  start: 1690629340.6857784
