event_uptime:
  end: 1690629900.475715
  start: 1690629340.4349735
