event_uptime:
  end: 1690629900.4514952
  start: 1690629340.5696027
