event_sleeping:
  end: 1690629340.714679
  start: 1690629340.7144735
