event_uptime:
  end: 1690629900.5544538
  start: 1690629340.6359913
