event_sleeping:
  end: 1690629340.6883461
  start: 1690629340.688329
