event_sleeping:
  end: 1690629340.5128665
  start: 1690629340.512831
