event_sleeping:
  end: 1690629340.4029508
  start: 1690629340.4029305
