event_uptime:
  end: 1690629900.5113883
  start: 1690629340.707125
