event_uptime:
  end: 1690629900.5774808
  start: 1690629340.6851394
