event_uptime:
  end: 1690629900.564414
  start: 1690629340.4088573
