event_uptime:
  end: 1690629900.5437698
  start: 1690629340.7131467
