event_uptime:
  end: 1690629659.9507656
  start: 1690629340.6132865
