event_sleeping:
  end: 1690629340.712671
  start: 1690629340.7126565
