event_sleeping:
  end: 1690629340.6855206
  start: 1690629340.685504
