event_sleeping:
  end: 1690629340.410237
  start: 1690629340.4102213
