event_sleeping:
  end: 1690629340.5721595
  start: 1690629340.5721412
