event_sleeping:
  end: 1690629340.3996835
  start: 1690629340.399671
