event_uptime:
  end: 1690629659.881317
  start: 1690629340.688157
