event_uptime:
  end: 1690629659.9056327
  start: 1690629340.7162075
