event_uptime:
  end: 1690629659.8566382
  start: 1690629340.7144918
