event_uptime:
  end: 1690629659.874816
  start: 1690629340.4844441
