event_uptime:
  end: 1690629659.9906251
  start: 1690629340.6107674
