event_sleeping:
  end: 1690629340.6586654
  start: 1690629340.6371963
