event_sleeping:
  end: 1690629340.461081
  start: 1690629340.461063
