event_uptime:
  end: 1690629659.8564832
  start: 1690629340.4370103
