event_sleeping:
  end: 1690629340.7140348
  start: 1690629340.71402
