event_uptime:
  end: 1690629659.9272783
  start: 1690629340.407025
