event_uptime:
  end: 1690629659.9853253
  start: 1690629340.404031
