event_uptime:
  end: 1690629659.971437
  start: 1690629340.6828856
