event_sleeping:
  end: 1690629340.6103485
  start: 1690629340.6103346
