event_uptime:
  end: 1690574690.9907033
  start: 1690574622.1031725
