event_sleeping:
  end: 1690574622.0701213
  start: 1690574622.0701075
