event_sleeping:
  end: 1690574622.067747
  start: 1690574622.0677392
