event_uptime:
  end: 1690574680.7874877
  start: 1690574622.072309
