event_uptime:
  end: 1690574698.320113
  start: 1690574622.072389
