event_sleeping:
  end: 1690574622.069096
  start: 1690574622.0690813
