event_sleeping:
  end: 1690574622.067409
  start: 1690574622.0674021
