event_uptime:
  end: 1690574686.8821733
  start: 1690574622.0707164
