event_uptime:
  end: 1690574708.859735
  start: 1690574622.0714724
