event_sleeping:
  end: 1690574622.0679564
  start: 1690574622.067913
