event_uptime:
  end: 1690574634.1077726
  start: 1690574622.0721793
