event_sleeping:
  end: 1690574622.0675886
  start: 1690574622.0675821
