event_sleeping:
  end: 1690574622.071744
  start: 1690574622.071731
