event_uptime:
  end: 1690574654.1332943
  start: 1690574622.0860918
