event_sleeping:
  end: 1690597451.6180315
  start: 1690597451.6179729
