event_sleeping:
  end: 1690597451.6177802
  start: 1690597451.6177611
