event_sleeping:
  end: 1690597451.6180637
  start: 1690597451.618053
