event_sleeping:
  end: 1690597451.6173832
  start: 1690597451.6173637
