event_uptime:
  end: 1690429631.9322057
  start: 1690429559.3487446
