event_sleeping:
  end: 1690429559.3457134
  start: 1690429559.3456998
