event_sleeping:
  end: 1690429559.6147873
  start: 1690429559.6147668
