event_uptime:
  end: 1690429983.2718875
  start: 1690429559.6345344
