event_sleeping:
  end: 1690429559.348995
  start: 1690429559.3489754
