event_uptime:
  end: 1690429983.2229214
  start: 1690429559.8220165
