event_sleeping:
  end: 1690429559.5679357
  start: 1690429559.56792
