event_sleeping:
  end: 1690429559.5285873
  start: 1690429559.5285738
