event_sleeping:
  end: 1690429559.6577969
  start: 1690429559.6577828
