event_uptime:
  end: 1690429983.301951
  start: 1690429559.4401805
