event_sleeping:
  end: 1690429559.4003553
  start: 1690429559.400336
