event_uptime:
  end: 1690429983.242497
  start: 1690429559.69953
