event_uptime:
  end: 1690429983.3577785
  start: 1690429559.351833
