event_sleeping:
  end: 1690429559.5320337
  start: 1690429559.5319927
