event_uptime:
  end: 1690429983.3508406
  start: 1690429559.565927
