event_sleeping:
  end: 1690429559.482021
  start: 1690429559.481977
