event_uptime:
  end: 1690429983.2908707
  start: 1690429559.6915755
