event_uptime:
  end: 1690429983.3164473
  start: 1690429559.568042
