event_sleeping:
  end: 1690429559.7690735
  start: 1690429559.7690592
