event_sleeping:
  end: 1690429559.6962261
  start: 1690429559.6962008
