event_uptime:
  end: 1690429983.235295
  start: 1690429559.5264459
