event_uptime:
  end: 1690429983.3335435
  start: 1690429559.6126945
