event_uptime:
  end: 1690430119.3499663
  start: 1690429559.5685854
