event_uptime:
  end: 1690430119.3297503
  start: 1690429559.7379866
