event_uptime:
  end: 1690430119.407454
  start: 1690429559.5705469
