event_uptime:
  end: 1690430119.2880218
  start: 1690429559.7368236
