event_uptime:
  end: 1690430119.4182143
  start: 1690429559.671274
