event_sleeping:
  end: 1690429559.5669265
  start: 1690429559.5669143
