event_uptime:
  end: 1690430119.446419
  start: 1690429559.458835
