event_uptime:
  end: 1690430119.3218474
  start: 1690429559.3516047
