event_sleeping:
  end: 1690429559.718525
  start: 1690429559.7185118
