event_sleeping:
  end: 1690429559.3529222
  start: 1690429559.352907
