event_sleeping:
  end: 1690429559.7202542
  start: 1690429559.720241
