event_uptime:
  end: 1690430119.391115
  start: 1690429559.636842
