event_sleeping:
  end: 1690429559.6143801
  start: 1690429559.6143677
