event_sleeping:
  end: 1690429559.4176378
  start: 1690429559.417587
