event_sleeping:
  end: 1690429559.349654
  start: 1690429559.349629
