event_sleeping:
  end: 1690429559.440986
  start: 1690429559.44097
