event_sleeping:
  end: 1690429559.5313008
  start: 1690429559.5312884
