event_sleeping:
  end: 1690429559.653351
  start: 1690429559.653334
