event_uptime:
  end: 1690430119.3700893
  start: 1690429559.3976874
