event_uptime:
  end: 1690430119.2953165
  start: 1690429559.4384406
