event_uptime:
  end: 1690429878.7667243
  start: 1690429559.349298
