event_sleeping:
  end: 1690429559.3920946
  start: 1690429559.392053
