event_sleeping:
  end: 1690429559.570398
  start: 1690429559.5703855
