event_uptime:
  end: 1690429878.7202537
  start: 1690429559.764386
