event_uptime:
  end: 1690429878.7453928
  start: 1690429559.3777206
