event_sleeping:
  end: 1690429559.4832623
  start: 1690429559.4832463
