event_uptime:
  end: 1690429878.7913115
  start: 1690429559.5053217
