event_sleeping:
  end: 1690429559.6344697
  start: 1690429559.6344519
