event_sleeping:
  end: 1690429559.6998467
  start: 1690429559.6998315
