event_uptime:
  end: 1690429878.8386288
  start: 1690429559.6949136
