event_uptime:
  end: 1690429878.7264893
  start: 1690429559.718567
