event_uptime:
  end: 1690429878.827053
  start: 1690429559.6119273
