event_sleeping:
  end: 1690429559.7367253
  start: 1690429559.73671
