event_sleeping:
  end: 1690429559.3514483
  start: 1690429559.351426
