event_sleeping:
  end: 1690429559.5253062
  start: 1690429559.525291
