event_uptime:
  end: 1690429878.8105402
  start: 1690429559.5307064
