event_sleeping:
  end: 1690429559.346971
  start: 1690429559.3466532
