event_uptime:
  end: 1690429878.75889
  start: 1690429559.6139927
