event_uptime:
  end: 1690429878.6952786
  start: 1690429559.4355779
