event_sleeping:
  end: 1690429559.5699837
  start: 1690429559.569948
