event_sleeping:
  end: 1690595084.5872977
  start: 1690595084.587274
