event_sleeping:
  end: 1690595084.5973408
  start: 1690595084.5973225
