event_sleeping:
  end: 1690595084.596405
  start: 1690595084.5963812
