event_sleeping:
  end: 1690595084.5954254
  start: 1690595084.5954127
