event_sleeping:
  end: 1690595084.5896711
  start: 1690595084.589655
