event_sleeping:
  end: 1690595084.592093
  start: 1690595084.5920794
