event_sleeping:
  end: 1690595084.5943038
  start: 1690595084.5942903
