event_sleeping:
  end: 1690595084.6188192
  start: 1690595084.6188045
