event_sleeping:
  end: 1690595084.589737
  start: 1690595084.5874352
