event_sleeping:
  end: 1690595084.5945368
  start: 1690595084.5945234
