event_sleeping:
  end: 1690595084.5975327
  start: 1690595084.5975168
