event_sleeping:
  end: 1690595084.588045
  start: 1690595084.5880237
