event_sleeping:
  end: 1690581444.6855562
  start: 1690581444.6855488
