event_uptime:
  end: 1690581513.3545861
  start: 1690581444.6887455
