event_sleeping:
  end: 1690581444.6862733
  start: 1690581444.6862664
