event_uptime:
  end: 1690581503.1314075
  start: 1690581444.6894388
