event_sleeping:
  end: 1690581444.6859715
  start: 1690581444.6859555
