event_uptime:
  end: 1690581456.6923482
  start: 1690581444.6891716
