event_uptime:
  end: 1690581476.3999944
  start: 1690581444.6890173
