event_sleeping:
  end: 1690581444.6861894
  start: 1690581444.68618
