event_sleeping:
  end: 1690474515.9093468
  start: 1690474515.9093351
