event_sleeping:
  end: 1690474515.909106
  start: 1690474515.9090989
