event_sleeping:
  end: 1690474515.909687
  start: 1690474515.909669
