event_sleeping:
  end: 1690474515.9097877
  start: 1690474515.9097805
