event_sleeping:
  end: 1690339457.1690316
  start: 1690339457.1690276
