event_uptime:
  end: 1690339524.6827755
  start: 1690339457.170947
