event_uptime:
  end: 1690339860.9136024
  start: 1690339457.236082
