event_sleeping:
  end: 1690339457.1769488
  start: 1690339457.1769433
