event_sleeping:
  end: 1690339457.2069304
  start: 1690339457.2069235
