event_uptime:
  end: 1690339860.972366
  start: 1690339457.2231264
