event_uptime:
  end: 1690339860.9648545
  start: 1690339457.2268698
