event_uptime:
  end: 1690339861.0120523
  start: 1690339457.2184625
