event_uptime:
  end: 1690339860.9494176
  start: 1690339457.209968
