event_sleeping:
  end: 1690339457.220947
  start: 1690339457.2209408
