event_uptime:
  end: 1690339860.977416
  start: 1690339457.1996439
