event_uptime:
  end: 1690339861.0097623
  start: 1690339457.1693988
