event_sleeping:
  end: 1690339457.171702
  start: 1690339457.1716979
