event_sleeping:
  end: 1690339457.2225902
  start: 1690339457.2225862
