event_uptime:
  end: 1690339860.9534066
  start: 1690339457.1742067
