event_uptime:
  end: 1690339860.9131289
  start: 1690339457.1795573
