event_sleeping:
  end: 1690339457.227665
  start: 1690339457.2276611
