event_sleeping:
  end: 1690339457.1675656
  start: 1690339457.1675618
