event_sleeping:
  end: 1690339457.1699111
  start: 1690339457.1699076
