event_sleeping:
  end: 1690339457.196321
  start: 1690339457.1963165
