event_sleeping:
  end: 1690339457.21454
  start: 1690339457.2145357
