event_sleeping:
  end: 1690339457.1874936
  start: 1690339457.1874888
