event_uptime:
  end: 1690339997.0133715
  start: 1690339457.1815689
