event_sleeping:
  end: 1690339457.2273839
  start: 1690339457.2273798
