event_uptime:
  end: 1690339997.0065773
  start: 1690339457.2277672
