event_uptime:
  end: 1690339997.0732493
  start: 1690339457.2147884
