event_sleeping:
  end: 1690339457.1678588
  start: 1690339457.1678553
