event_uptime:
  end: 1690339997.101497
  start: 1690339457.1911316
