event_uptime:
  end: 1690339997.0733023
  start: 1690339457.1683974
