event_sleeping:
  end: 1690339457.1662834
  start: 1690339457.1662786
