event_uptime:
  end: 1690339997.0577035
  start: 1690339457.2210104
