event_uptime:
  end: 1690339997.0574973
  start: 1690339457.1734474
