event_sleeping:
  end: 1690339457.1723394
  start: 1690339457.1723351
