event_sleeping:
  end: 1690339457.2002878
  start: 1690339457.2002792
