event_uptime:
  end: 1690339997.037402
  start: 1690339457.17043
