event_uptime:
  end: 1690339996.997923
  start: 1690339457.233193
