event_sleeping:
  end: 1690339457.2179828
  start: 1690339457.2179785
