event_uptime:
  end: 1690339997.0450437
  start: 1690339457.2062523
