event_sleeping:
  end: 1690339457.213064
  start: 1690339457.2130575
