event_sleeping:
  end: 1690339457.178412
  start: 1690339457.178407
