event_sleeping:
  end: 1690339457.2226715
  start: 1690339457.2226675
