event_uptime:
  end: 1690339760.1419387
  start: 1690339457.2276762
