event_uptime:
  end: 1690339760.0956557
  start: 1690339457.1714375
