event_sleeping:
  end: 1690339457.2177205
  start: 1690339457.2177162
