event_uptime:
  end: 1690339760.1376529
  start: 1690339457.2131822
