event_uptime:
  end: 1690339760.1609292
  start: 1690339457.2042365
