event_uptime:
  end: 1690339760.1496081
  start: 1690339457.1675758
