event_sleeping:
  end: 1690339457.226374
  start: 1690339457.2263699
