event_sleeping:
  end: 1690339457.1657565
  start: 1690339457.1657526
