event_sleeping:
  end: 1690339457.1708875
  start: 1690339457.1708834
