event_uptime:
  end: 1690339760.1698043
  start: 1690339457.1731987
