event_sleeping:
  end: 1690339457.200126
  start: 1690339457.2001216
