event_uptime:
  end: 1690339760.1224709
  start: 1690339457.178206
