event_sleeping:
  end: 1690339457.1859057
  start: 1690339457.1858852
