event_sleeping:
  end: 1690339457.173162
  start: 1690339457.1731575
