event_uptime:
  end: 1690339760.2296731
  start: 1690339457.187648
