event_sleeping:
  end: 1690339457.209916
  start: 1690339457.209912
