event_uptime:
  end: 1690339760.1700196
  start: 1690339457.2259355
