event_uptime:
  end: 1690339760.1977932
  start: 1690339457.2216587
