event_sleeping:
  end: 1690339457.2224104
  start: 1690339457.2224064
