event_sleeping:
  end: 1690339457.1693869
  start: 1690339457.1692655
