event_uptime:
  end: 1690337767.5431757
  start: 1690337696.031114
