event_sleeping:
  end: 1690337696.0293987
  start: 1690337696.0293949
