event_sleeping:
  end: 1690337696.0331922
  start: 1690337696.033188
