event_uptime:
  end: 1690338118.9657192
  start: 1690337696.041896
