event_uptime:
  end: 1690338118.9514005
  start: 1690337696.0322626
