event_sleeping:
  end: 1690337696.031042
  start: 1690337696.0310383
