event_uptime:
  end: 1690338255.089099
  start: 1690337696.0327523
