event_uptime:
  end: 1690338255.0785844
  start: 1690337696.0334158
