event_sleeping:
  end: 1690337696.031248
  start: 1690337696.0312443
