event_sleeping:
  end: 1690337696.0322044
  start: 1690337696.0322003
