event_sleeping:
  end: 1690337696.0299008
  start: 1690337696.0298967
