event_sleeping:
  end: 1690337696.031413
  start: 1690337696.0314088
