event_uptime:
  end: 1690338014.466229
  start: 1690337696.0366883
