event_uptime:
  end: 1690338014.4673653
  start: 1690337696.0313225
