event_sleeping:
  end: 1690596175.982319
  start: 1690596175.9822855
