event_sleeping:
  end: 1690596176.1552246
  start: 1690596176.1552117
