event_sleeping:
  end: 1690596176.1537635
  start: 1690596176.1537492
