event_sleeping:
  end: 1690596176.0832603
  start: 1690596176.0832367
