event_sleeping:
  end: 1690596175.98812
  start: 1690596175.9880974
