event_sleeping:
  end: 1690596176.0642285
  start: 1690596176.0642152
