event_sleeping:
  end: 1690596175.9862638
  start: 1690596175.9862492
