event_sleeping:
  end: 1690596176.1310647
  start: 1690596176.1310391
