event_sleeping:
  end: 1690596176.0305464
  start: 1690596176.0305245
