event_sleeping:
  end: 1690596175.9834301
  start: 1690596175.9834177
