event_sleeping:
  end: 1690596176.1353395
  start: 1690596176.1353252
