event_sleeping:
  end: 1690596175.9839718
  start: 1690596175.983953
