event_sleeping:
  end: 1690596176.096923
  start: 1690596176.0968964
