event_sleeping:
  end: 1690596176.1141675
  start: 1690596176.1141233
