event_sleeping:
  end: 1690596176.1553853
  start: 1690596176.1553726
