event_sleeping:
  end: 1690596176.0108502
  start: 1690596176.010837
