event_sleeping:
  end: 1690596176.135561
  start: 1690596176.1355348
