event_sleeping:
  end: 1690596176.0633883
  start: 1690596176.0633678
