event_sleeping:
  end: 1690596176.1485722
  start: 1690596176.1485562
