event_sleeping:
  end: 1690596176.154905
  start: 1690596176.154891
