event_sleeping:
  end: 1690596176.02873
  start: 1690596176.0287173
