event_sleeping:
  end: 1690596175.9879358
  start: 1690596175.9879236
