event_sleeping:
  end: 1690468696.716002
  start: 1690468696.7159758
