event_uptime:
  end: 1690468765.2633407
  start: 1690468696.7185295
