event_sleeping:
  end: 1690468696.7166097
  start: 1690468696.7166026
