event_uptime:
  end: 1690468708.7433002
  start: 1690468696.7192686
