event_uptime:
  end: 1690468728.315112
  start: 1690468696.73501
