event_sleeping:
  end: 1690468696.716304
  start: 1690468696.716297
