event_sleeping:
  end: 1690323719.4408731
  start: 1690323719.4408712
