event_uptime:
  end: 1690323785.9995372
  start: 1690323719.44632
