event_sleeping:
  end: 1690323719.444736
  start: 1690323719.4447339
