event_uptime:
  end: 1690324122.4095845
  start: 1690323719.452824
