event_uptime:
  end: 1690324122.3749528
  start: 1690323719.4461324
