event_sleeping:
  end: 1690323719.442279
  start: 1690323719.4422777
