event_uptime:
  end: 1690324258.4054098
  start: 1690323719.4480727
