event_sleeping:
  end: 1690323719.444439
  start: 1690323719.4444373
