event_sleeping:
  end: 1690323719.4433503
  start: 1690323719.4433482
