event_uptime:
  end: 1690324258.3992145
  start: 1690323719.454631
