event_uptime:
  end: 1690324021.6037052
  start: 1690323719.4494867
