event_sleeping:
  end: 1690323719.4458134
  start: 1690323719.4458098
