event_uptime:
  end: 1690324021.5901024
  start: 1690323719.45246
