event_sleeping:
  end: 1690323719.4438105
  start: 1690323719.4438086
