event_uptime:
  end: 1690473311.3565004
  start: 1690473200.9738562
