event_sleeping:
  end: 1690473200.9459865
  start: 1690473200.9459798
