event_sleeping:
  end: 1690473200.9455607
  start: 1690473200.9455538
