event_uptime:
  end: 1690473305.1994445
  start: 1690473200.9485488
