event_sleeping:
  end: 1690473200.9454675
  start: 1690473200.9454505
