event_uptime:
  end: 1690473240.9274814
  start: 1690473200.9487522
