event_sleeping:
  end: 1690473200.9458065
  start: 1690473200.9457943
