event_uptime:
  end: 1690473266.7952447
  start: 1690473200.9491563
