event_sleeping:
  end: 1690341207.513263
  start: 1690341207.513258
