event_sleeping:
  end: 1690341207.4986088
  start: 1690341207.498605
