event_sleeping:
  end: 1690341207.5258026
  start: 1690341207.5257983
