event_sleeping:
  end: 1690341207.4881182
  start: 1690341207.4881146
