event_sleeping:
  end: 1690341207.5250897
  start: 1690341207.5250857
