event_sleeping:
  end: 1690341207.486827
  start: 1690341207.4868233
