event_sleeping:
  end: 1690341207.4946458
  start: 1690341207.49463
