event_sleeping:
  end: 1690341207.5129163
  start: 1690341207.51291
