event_sleeping:
  end: 1690341207.4907749
  start: 1690341207.4907703
