event_sleeping:
  end: 1690341207.4894617
  start: 1690341207.4894578
