event_sleeping:
  end: 1690341207.485425
  start: 1690341207.485421
