event_sleeping:
  end: 1690341207.5291083
  start: 1690341207.5291038
