event_sleeping:
  end: 1690341207.5046937
  start: 1690341207.5046895
