event_sleeping:
  end: 1690341207.4923506
  start: 1690341207.4923463
