event_sleeping:
  end: 1690341207.518619
  start: 1690341207.51861
