event_sleeping:
  end: 1690341207.4942296
  start: 1690341207.4942255
