event_sleeping:
  end: 1690341207.5328267
  start: 1690341207.532823
