event_sleeping:
  end: 1690341207.5249739
  start: 1690341207.5249698
