event_sleeping:
  end: 1690341207.4858875
  start: 1690341207.4858835
