event_sleeping:
  end: 1690341207.4927402
  start: 1690341207.4927354
