event_sleeping:
  end: 1690341207.5048282
  start: 1690341207.5048234
