event_sleeping:
  end: 1690341207.5189695
  start: 1690341207.5189657
