event_sleeping:
  end: 1690341207.529403
  start: 1690341207.5293977
