event_sleeping:
  end: 1690341207.489766
  start: 1690341207.489762
