event_sleeping:
  end: 1690401834.632487
  start: 1690401834.6324646
