event_sleeping:
  end: 1690401834.7514277
  start: 1690401834.7514145
