event_sleeping:
  end: 1690401834.6328864
  start: 1690401834.6328459
