event_sleeping:
  end: 1690401834.9981883
  start: 1690401834.9981682
