event_sleeping:
  end: 1690401835.054148
  start: 1690401835.0541267
