event_sleeping:
  end: 1690401834.7632933
  start: 1690401834.7632582
