event_sleeping:
  end: 1690401835.208391
  start: 1690401835.2083755
