event_sleeping:
  end: 1690401834.9398303
  start: 1690401834.9398174
