event_sleeping:
  end: 1690401834.8683474
  start: 1690401834.8683314
