event_sleeping:
  end: 1690401835.1246135
  start: 1690401835.124577
