event_sleeping:
  end: 1690401835.1909592
  start: 1690401835.1909466
