event_sleeping:
  end: 1690401834.6284835
  start: 1690401834.6284623
