event_sleeping:
  end: 1690401834.941338
  start: 1690401834.9413261
