event_sleeping:
  end: 1690401835.021671
  start: 1690401835.021659
