event_sleeping:
  end: 1690401834.7183282
  start: 1690401834.7183025
