event_sleeping:
  end: 1690401834.6262105
  start: 1690401834.626156
