event_sleeping:
  end: 1690401834.668625
  start: 1690401834.6685932
