event_sleeping:
  end: 1690401834.8498704
  start: 1690401834.8498447
