event_sleeping:
  end: 1690401834.963344
  start: 1690401834.963331
