event_sleeping:
  end: 1690401835.0774922
  start: 1690401835.0774796
