event_sleeping:
  end: 1690401834.9403443
  start: 1690401834.9403286
