event_sleeping:
  end: 1690401834.6310468
  start: 1690401834.6305976
