event_sleeping:
  end: 1690401834.8308966
  start: 1690401834.8308814
