event_sleeping:
  end: 1690401835.209051
  start: 1690401835.2090206
