event_sleeping:
  end: 1690401834.6227548
  start: 1690401834.6227396
