event_sleeping:
  end: 1690401834.977073
  start: 1690401834.9770188
