event_sleeping:
  end: 1690401834.6264896
  start: 1690401834.6259341
