event_sleeping:
  end: 1690401835.1901972
  start: 1690401835.1901836
