event_sleeping:
  end: 1690401834.870815
  start: 1690401834.8707976
