event_sleeping:
  end: 1690401834.701453
  start: 1690401834.701438
