event_sleeping:
  end: 1690401835.0396476
  start: 1690401835.0396283
