event_sleeping:
  end: 1690401834.6229606
  start: 1690401834.6229453
