event_sleeping:
  end: 1690401835.157682
  start: 1690401835.157669
