event_sleeping:
  end: 1690401834.8909256
  start: 1690401834.8904757
