event_sleeping:
  end: 1690401834.7178032
  start: 1690401834.7177882
