event_sleeping:
  end: 1690401835.0192337
  start: 1690401835.0192206
