event_sleeping:
  end: 1690401835.2467074
  start: 1690401835.2466922
