event_sleeping:
  end: 1690401834.9439921
  start: 1690401834.9439764
