event_sleeping:
  end: 1690401834.849371
  start: 1690401834.8493552
