event_sleeping:
  end: 1690401835.0586634
  start: 1690401835.0586488
