event_sleeping:
  end: 1690401834.65345
  start: 1690401834.6534374
