event_sleeping:
  end: 1690401834.6290693
  start: 1690401834.6290503
