event_sleeping:
  end: 1690401835.2308917
  start: 1690401835.230878
