event_sleeping:
  end: 1690401834.6285067
  start: 1690401834.6279624
