event_sleeping:
  end: 1690401834.8335285
  start: 1690401834.8335104
