event_sleeping:
  end: 1690401835.0761466
  start: 1690401835.0761328
