event_sleeping:
  end: 1690401834.9421513
  start: 1690401834.9421365
