event_sleeping:
  end: 1690401834.7194498
  start: 1690401834.7194357
