event_sleeping:
  end: 1690401834.9984858
  start: 1690401834.9984717
