event_sleeping:
  end: 1690401834.9372756
  start: 1690401834.9372575
