event_sleeping:
  end: 1690401835.157058
  start: 1690401835.1570342
