event_sleeping:
  end: 1690405866.5709076
  start: 1690405866.5708473
