event_sleeping:
  end: 1690405866.5710354
  start: 1690405866.570996
