event_sleeping:
  end: 1690405866.5704827
  start: 1690405866.5704618
