event_sleeping:
  end: 1690405866.5707018
  start: 1690405866.5706818
