event_sleeping:
  end: 1690405866.5745556
  start: 1690405866.5745134
