event_sleeping:
  end: 1690544873.1726542
  start: 1690544873.172639
