event_sleeping:
  end: 1690544873.3294911
  start: 1690544873.329469
