event_sleeping:
  end: 1690544873.3027515
  start: 1690544873.3027368
