event_sleeping:
  end: 1690544873.2711852
  start: 1690544873.2711399
