event_sleeping:
  end: 1690544873.4801035
  start: 1690544873.4800901
