event_sleeping:
  end: 1690544872.8635995
  start: 1690544872.8635764
