event_sleeping:
  end: 1690544873.0632792
  start: 1690544873.0632505
