event_sleeping:
  end: 1690544872.814204
  start: 1690544872.8141842
