event_sleeping:
  end: 1690544873.4773383
  start: 1690544873.4773042
