event_sleeping:
  end: 1690544872.8188117
  start: 1690544872.8187978
