event_sleeping:
  end: 1690544873.241923
  start: 1690544873.2419086
