event_sleeping:
  end: 1690544872.8549461
  start: 1690544872.8548906
