event_sleeping:
  end: 1690544873.3332324
  start: 1690544873.3332176
