event_sleeping:
  end: 1690544873.4744585
  start: 1690544873.4744415
