event_sleeping:
  end: 1690544872.9752827
  start: 1690544872.9752614
