event_sleeping:
  end: 1690544873.1723535
  start: 1690544873.1723402
