event_sleeping:
  end: 1690544872.8247976
  start: 1690544872.8247635
