event_sleeping:
  end: 1690544873.478604
  start: 1690544873.47859
