event_sleeping:
  end: 1690544873.2816749
  start: 1690544873.2816565
