event_sleeping:
  end: 1690544872.8203259
  start: 1690544872.82031
