event_sleeping:
  end: 1690544873.503074
  start: 1690544873.5030618
