event_sleeping:
  end: 1690544873.3566356
  start: 1690544873.356621
