event_sleeping:
  end: 1690544872.8165781
  start: 1690544872.8165617
