event_sleeping:
  end: 1690544872.8172162
  start: 1690544872.817202
