event_sleeping:
  end: 1690544872.9062645
  start: 1690544872.9062512
