event_sleeping:
  end: 1690544873.272734
  start: 1690544873.2727158
