event_sleeping:
  end: 1690544873.3274114
  start: 1690544873.327351
