event_sleeping:
  end: 1690544873.4766378
  start: 1690544873.4766245
