event_sleeping:
  end: 1690544873.2450237
  start: 1690544873.2450092
