event_sleeping:
  end: 1690544873.280876
  start: 1690544873.2808616
