event_sleeping:
  end: 1690544873.5680478
  start: 1690544873.568024
