event_sleeping:
  end: 1690544873.4770465
  start: 1690544873.4768343
