event_sleeping:
  end: 1690544873.1746142
  start: 1690544873.1746006
