event_sleeping:
  end: 1690544872.822948
  start: 1690544872.822935
