event_sleeping:
  end: 1690544873.1709166
  start: 1690544873.1708791
