event_sleeping:
  end: 1690544872.824388
  start: 1690544872.824353
