event_sleeping:
  end: 1690544873.3293042
  start: 1690544873.3292928
