event_sleeping:
  end: 1690544873.3573034
  start: 1690544873.357284
