event_sleeping:
  end: 1690544872.9295619
  start: 1690544872.9295466
