event_sleeping:
  end: 1690544873.3052835
  start: 1690544873.3052313
