event_sleeping:
  end: 1690544873.167968
  start: 1690544873.1679547
