event_sleeping:
  end: 1690544872.9237723
  start: 1690544872.9237409
