event_sleeping:
  end: 1690544873.5671513
  start: 1690544873.567131
