event_sleeping:
  end: 1690544872.8240418
  start: 1690544872.8240223
