event_sleeping:
  end: 1690544872.8226812
  start: 1690544872.8226638
