event_sleeping:
  end: 1690544873.3570445
  start: 1690544873.3570259
