event_sleeping:
  end: 1690544873.4747987
  start: 1690544873.4747846
