event_sleeping:
  end: 1690544873.2790146
  start: 1690544873.2790008
