event_sleeping:
  end: 1690406655.3490849
  start: 1690406655.3490703
