event_sleeping:
  end: 1690406655.242707
  start: 1690406655.2426896
