event_sleeping:
  end: 1690406655.2812252
  start: 1690406655.2812078
