event_sleeping:
  end: 1690406655.246595
  start: 1690406655.2465792
