event_sleeping:
  end: 1690406655.2536318
  start: 1690406655.2536054
