event_sleeping:
  end: 1690406655.2563784
  start: 1690406655.2563608
