event_sleeping:
  end: 1690406655.2404017
  start: 1690406655.2403831
