event_sleeping:
  end: 1690406655.2488542
  start: 1690406655.248841
