event_sleeping:
  end: 1690406655.3468142
  start: 1690406655.3468003
