event_sleeping:
  end: 1690406655.2406378
  start: 1690406655.2406206
