event_sleeping:
  end: 1690406655.2541752
  start: 1690406655.2541568
