event_sleeping:
  end: 1690406655.3103576
  start: 1690406655.310326
