event_sleeping:
  end: 1690406655.2358491
  start: 1690406655.235835
