event_sleeping:
  end: 1690406655.244641
  start: 1690406655.24462
