event_sleeping:
  end: 1690406655.4103785
  start: 1690406655.4103615
