event_sleeping:
  end: 1690406655.2511344
  start: 1690406655.251122
