event_sleeping:
  end: 1690406655.3111675
  start: 1690406655.3111532
