event_sleeping:
  end: 1690406655.2437081
  start: 1690406655.243696
