event_sleeping:
  end: 1690406655.2514784
  start: 1690406655.2514648
