event_sleeping:
  end: 1690406655.4133718
  start: 1690406655.4133575
