event_sleeping:
  end: 1690406655.2553258
  start: 1690406655.2552953
