event_sleeping:
  end: 1690406655.2451434
  start: 1690406655.2418413
