event_sleeping:
  end: 1690406655.3968694
  start: 1690406655.3968365
