event_sleeping:
  end: 1690406655.346081
  start: 1690406655.3460658
