event_sleeping:
  end: 1690406655.2533183
  start: 1690406655.2532969
