event_sleeping:
  end: 1690406655.2401357
  start: 1690406655.2397733
