event_uptime:
  end: 1690470823.4190562
  start: 1690470713.029773
