event_sleeping:
  end: 1690470713.010382
  start: 1690470713.0103202
