event_sleeping:
  end: 1690470713.0101426
  start: 1690470713.0101008
