event_uptime:
  end: 1690470753.0358286
  start: 1690470713.01264
