event_sleeping:
  end: 1690470713.0104213
  start: 1690470713.0104146
