event_uptime:
  end: 1690470778.7799196
  start: 1690470713.0267034
