event_sleeping:
  end: 1690354192.273966
  start: 1690354192.273962
