event_uptime:
  end: 1690354265.027221
  start: 1690354192.277091
