event_sleeping:
  end: 1690354192.2989855
  start: 1690354192.2989812
