event_uptime:
  end: 1690354616.6989067
  start: 1690354192.2768414
