event_uptime:
  end: 1690354617.7382083
  start: 1690354192.3328612
