event_sleeping:
  end: 1690354192.2812433
  start: 1690354192.2812386
