event_sleeping:
  end: 1690354192.340868
  start: 1690354192.3408628
