event_uptime:
  end: 1690354616.3938468
  start: 1690354192.3273928
