event_uptime:
  end: 1690354616.597587
  start: 1690354192.3405523
