event_sleeping:
  end: 1690354192.3366868
  start: 1690354192.3366826
