event_sleeping:
  end: 1690354192.2745795
  start: 1690354192.2745757
