event_uptime:
  end: 1690354616.4664485
  start: 1690354192.3025599
