event_sleeping:
  end: 1690354192.328712
  start: 1690354192.3287077
