event_uptime:
  end: 1690354616.6842072
  start: 1690354192.2878408
