event_uptime:
  end: 1690354621.354994
  start: 1690354192.3441198
