event_uptime:
  end: 1690354616.342044
  start: 1690354192.315535
