event_uptime:
  end: 1690354616.7870681
  start: 1690354192.280705
