event_sleeping:
  end: 1690354192.2787046
  start: 1690354192.2787006
