event_sleeping:
  end: 1690354192.3123853
  start: 1690354192.312376
