event_sleeping:
  end: 1690354192.3205261
  start: 1690354192.3205214
