event_sleeping:
  end: 1690354192.3207948
  start: 1690354192.3207905
