event_uptime:
  end: 1690354617.6703303
  start: 1690354192.3281484
