event_sleeping:
  end: 1690354192.2952592
  start: 1690354192.2952552
