event_uptime:
  end: 1690354752.4062703
  start: 1690354192.3092647
