event_uptime:
  end: 1690354752.9269145
  start: 1690354192.2985022
