event_uptime:
  end: 1690354753.6174712
  start: 1690354192.3282237
