event_sleeping:
  end: 1690354192.2770305
  start: 1690354192.2770264
