event_uptime:
  end: 1690354752.5453286
  start: 1690354192.2792578
