event_sleeping:
  end: 1690354192.3187516
  start: 1690354192.318748
