event_uptime:
  end: 1690354752.4419653
  start: 1690354192.3417666
