event_sleeping:
  end: 1690354192.3269815
  start: 1690354192.3269777
