event_uptime:
  end: 1690354752.8714359
  start: 1690354192.2790847
