event_uptime:
  end: 1690354752.442188
  start: 1690354192.3356435
