event_sleeping:
  end: 1690354192.3327756
  start: 1690354192.3327715
