event_uptime:
  end: 1690354753.8431723
  start: 1690354192.3203888
