event_sleeping:
  end: 1690354192.3036904
  start: 1690354192.3036857
