event_uptime:
  end: 1690354752.4040363
  start: 1690354192.3267393
