event_sleeping:
  end: 1690354192.2778468
  start: 1690354192.2778425
