event_uptime:
  end: 1690354752.6024046
  start: 1690354192.2833364
