event_sleeping:
  end: 1690354192.327971
  start: 1690354192.327967
