event_uptime:
  end: 1690354511.8102732
  start: 1690354192.308488
