event_uptime:
  end: 1690354512.9633415
  start: 1690354192.2808197
