event_sleeping:
  end: 1690354192.2939427
  start: 1690354192.2939348
