event_uptime:
  end: 1690354511.8266127
  start: 1690354192.2773407
