event_uptime:
  end: 1690354515.2255492
  start: 1690354192.331201
