event_uptime:
  end: 1690354511.8406885
  start: 1690354192.2771676
