event_sleeping:
  end: 1690354192.2749367
  start: 1690354192.2749326
