event_sleeping:
  end: 1690354192.303345
  start: 1690354192.3033326
