event_sleeping:
  end: 1690354192.340044
  start: 1690354192.34004
