event_uptime:
  end: 1690354511.8497412
  start: 1690354192.3275135
