event_uptime:
  end: 1690354514.913779
  start: 1690354192.2957768
