event_sleeping:
  end: 1690354192.3183947
  start: 1690354192.3183851
