event_uptime:
  end: 1690354513.1415236
  start: 1690354192.319993
