event_uptime:
  end: 1690354511.8695698
  start: 1690354192.3363678
