event_sleeping:
  end: 1690354192.27472
  start: 1690354192.2747164
