event_uptime:
  end: 1690354512.8184903
  start: 1690354192.3445811
