event_sleeping:
  end: 1690354192.2789276
  start: 1690354192.2789214
