event_sleeping:
  end: 1690354192.3325856
  start: 1690354192.332536
