event_sleeping:
  end: 1690594665.1193016
  start: 1690594665.119289
