event_sleeping:
  end: 1690594665.1661708
  start: 1690594665.1661584
