event_sleeping:
  end: 1690594665.1183379
  start: 1690594665.118323
