event_sleeping:
  end: 1690594665.122055
  start: 1690594665.1220422
