event_sleeping:
  end: 1690594665.122562
  start: 1690594665.1225488
