event_sleeping:
  end: 1690594665.1455467
  start: 1690594665.1455283
