event_sleeping:
  end: 1690594665.124948
  start: 1690594665.1249354
