event_sleeping:
  end: 1690594665.1255064
  start: 1690594665.1254919
