event_sleeping:
  end: 1690594665.1468644
  start: 1690594665.1468449
