event_sleeping:
  end: 1690594665.1664894
  start: 1690594665.1664627
