event_sleeping:
  end: 1690594665.1211174
  start: 1690594665.1211016
