event_sleeping:
  end: 1690401040.261077
  start: 1690401040.2610636
