event_sleeping:
  end: 1690401040.2648623
  start: 1690401040.26485
