event_sleeping:
  end: 1690401040.2647274
  start: 1690401040.2647116
