event_sleeping:
  end: 1690401040.2629566
  start: 1690401040.2629437
