event_sleeping:
  end: 1690401040.2583091
  start: 1690401040.2580388
