event_sleeping:
  end: 1690401040.260566
  start: 1690401040.2605515
