event_sleeping:
  end: 1690401040.2877204
  start: 1690401040.2876918
