event_sleeping:
  end: 1690401040.28815
  start: 1690401040.288135
