event_sleeping:
  end: 1690401040.2620487
  start: 1690401040.2620368
