event_sleeping:
  end: 1690401040.2839437
  start: 1690401040.283893
