event_sleeping:
  end: 1690401040.258162
  start: 1690401040.2581422
