event_uptime:
  end: 1690353680.5667233
  start: 1690353613.0647597
