event_sleeping:
  end: 1690353613.0630493
  start: 1690353613.0630448
