event_sleeping:
  end: 1690353613.0928752
  start: 1690353613.0928705
