event_uptime:
  end: 1690354019.929868
  start: 1690353613.1105664
