event_sleeping:
  end: 1690353613.1108446
  start: 1690353613.110841
