event_uptime:
  end: 1690354016.7698016
  start: 1690353613.095985
