event_sleeping:
  end: 1690353613.1210368
  start: 1690353613.1210325
