event_uptime:
  end: 1690354016.8343225
  start: 1690353613.1353645
