event_uptime:
  end: 1690354016.7812521
  start: 1690353613.088474
