event_sleeping:
  end: 1690353613.1074016
  start: 1690353613.1073961
