event_sleeping:
  end: 1690353613.066567
  start: 1690353613.0665634
