event_uptime:
  end: 1690354016.9106028
  start: 1690353613.069713
