event_sleeping:
  end: 1690353613.082101
  start: 1690353613.0820966
