event_sleeping:
  end: 1690353613.1287115
  start: 1690353613.1287074
