event_uptime:
  end: 1690354016.860597
  start: 1690353613.1123571
