event_uptime:
  end: 1690354016.8494463
  start: 1690353613.1378415
