event_uptime:
  end: 1690354016.8257422
  start: 1690353613.0768735
