event_sleeping:
  end: 1690353613.0755074
  start: 1690353613.0755005
