event_uptime:
  end: 1690354017.0702293
  start: 1690353613.068044
