event_sleeping:
  end: 1690353613.0677035
  start: 1690353613.0676997
