event_sleeping:
  end: 1690353613.128978
  start: 1690353613.1289737
