event_uptime:
  end: 1690354016.8133056
  start: 1690353613.1256955
