event_sleeping:
  end: 1690353613.080154
  start: 1690353613.0801494
