event_uptime:
  end: 1690354152.9544024
  start: 1690353613.1117983
