event_sleeping:
  end: 1690353613.0715277
  start: 1690353613.0715199
