event_sleeping:
  end: 1690353613.0647497
  start: 1690353613.0647454
