event_sleeping:
  end: 1690353613.065846
  start: 1690353613.0658424
