event_uptime:
  end: 1690354152.8580124
  start: 1690353613.084204
