event_uptime:
  end: 1690354152.9250708
  start: 1690353613.0660024
