event_sleeping:
  end: 1690353613.119556
  start: 1690353613.1195514
