event_uptime:
  end: 1690354152.8385296
  start: 1690353613.067828
