event_sleeping:
  end: 1690353613.1232417
  start: 1690353613.1232343
