event_uptime:
  end: 1690354153.14698
  start: 1690353613.1358418
