event_sleeping:
  end: 1690353613.1105509
  start: 1690353613.1104188
