event_uptime:
  end: 1690354152.9738235
  start: 1690353613.121223
