event_sleeping:
  end: 1690353613.1288724
  start: 1690353613.1288674
