event_uptime:
  end: 1690354152.9023652
  start: 1690353613.1066616
