event_sleeping:
  end: 1690353613.0918612
  start: 1690353613.0918574
