event_uptime:
  end: 1690354152.9297135
  start: 1690353613.1273715
