event_uptime:
  end: 1690354152.9542572
  start: 1690353613.074928
