event_uptime:
  end: 1690354152.86889
  start: 1690353613.0931644
