event_sleeping:
  end: 1690353613.1034942
  start: 1690353613.1034846
