event_uptime:
  end: 1690353916.0775151
  start: 1690353613.1253471
