event_uptime:
  end: 1690353916.0617583
  start: 1690353613.103989
