event_sleeping:
  end: 1690353613.1273148
  start: 1690353613.127308
