event_sleeping:
  end: 1690353613.0766523
  start: 1690353613.0766482
