event_sleeping:
  end: 1690353613.0656126
  start: 1690353613.0656087
