event_sleeping:
  end: 1690353613.0682693
  start: 1690353613.0682652
