event_uptime:
  end: 1690353916.0808284
  start: 1690353613.1245785
