event_uptime:
  end: 1690353916.0286465
  start: 1690353613.0822337
