event_uptime:
  end: 1690353916.2536087
  start: 1690353613.071949
