event_sleeping:
  end: 1690353613.111784
  start: 1690353613.1117787
