event_uptime:
  end: 1690353916.0448956
  start: 1690353613.0649974
