event_uptime:
  end: 1690353915.953006
  start: 1690353613.067592
