event_uptime:
  end: 1690353919.0952084
  start: 1690353613.1320124
