event_sleeping:
  end: 1690353613.1171165
  start: 1690353613.1171122
