event_uptime:
  end: 1690353916.2419825
  start: 1690353613.1126323
