event_uptime:
  end: 1690353915.9975083
  start: 1690353613.0798075
