event_sleeping:
  end: 1690353613.0806022
  start: 1690353613.080598
