event_sleeping:
  end: 1690353613.063375
  start: 1690353613.0633712
