event_sleeping:
  end: 1690353613.0996552
  start: 1690353613.099641
