event_sleeping:
  end: 1690353613.1211371
  start: 1690353613.1211329
