event_sleeping:
  end: 1690472152.4670408
  start: 1690472152.4670208
