event_sleeping:
  end: 1690472152.4759386
  start: 1690472152.4759262
