event_sleeping:
  end: 1690472152.472498
  start: 1690472152.4724844
