event_sleeping:
  end: 1690472152.4732788
  start: 1690472152.4732451
