event_sleeping:
  end: 1690472152.4705758
  start: 1690472152.4705617
