event_sleeping:
  end: 1690472152.4734635
  start: 1690472152.473447
