event_sleeping:
  end: 1690472152.5074005
  start: 1690472152.5073721
