event_sleeping:
  end: 1690472152.5070236
  start: 1690472152.5069978
