event_sleeping:
  end: 1690472152.4731748
  start: 1690472152.4728966
