event_sleeping:
  end: 1690472152.4673545
  start: 1690472152.4673414
