event_sleeping:
  end: 1690472152.4710536
  start: 1690472152.4710414
