event_sleeping:
  end: 1690472152.474511
  start: 1690472152.4744906
