event_sleeping:
  end: 1690595949.3263369
  start: 1690595949.325418
