event_sleeping:
  end: 1690595949.33372
  start: 1690595949.333685
