event_sleeping:
  end: 1690595949.32463
  start: 1690595949.3245897
