event_sleeping:
  end: 1690595949.3311045
  start: 1690595949.3310912
