event_sleeping:
  end: 1690595949.3299515
  start: 1690595949.3299448
