event_sleeping:
  end: 1690595949.327517
  start: 1690595949.3275042
