event_sleeping:
  end: 1690595949.3563526
  start: 1690595949.3563344
