event_sleeping:
  end: 1690595949.3301103
  start: 1690595949.3300977
