event_sleeping:
  end: 1690595949.3304076
  start: 1690595949.330394
