event_sleeping:
  end: 1690595949.3297067
  start: 1690595949.329693
