event_sleeping:
  end: 1690595949.3328788
  start: 1690595949.332858
