event_sleeping:
  end: 1690306472.7697895
  start: 1690306472.7697873
