event_sleeping:
  end: 1690306472.7696807
  start: 1690306472.7696784
