event_sleeping:
  end: 1690306472.769277
  start: 1690306472.769275
