event_sleeping:
  end: 1690306472.7698982
  start: 1690306472.7698965
