event_sleeping:
  end: 1690306472.7713099
  start: 1690306472.771306
