event_sleeping:
  end: 1690306472.7705467
  start: 1690306472.7705433
