event_sleeping:
  end: 1690581660.9270575
  start: 1690581660.9270508
