event_uptime:
  end: 1690581729.5124445
  start: 1690581660.960527
