event_sleeping:
  end: 1690581660.9269793
  start: 1690581660.9269636
