event_uptime:
  end: 1690581673.0197926
  start: 1690581660.9455395
