event_uptime:
  end: 1690581692.5801125
  start: 1690581660.9284773
