event_sleeping:
  end: 1690581660.9264922
  start: 1690581660.9264846
