event_sleeping:
  end: 1690322796.168139
  start: 1690322796.168135
