event_sleeping:
  end: 1690322796.1403444
  start: 1690322796.1403368
