event_sleeping:
  end: 1690322796.109785
  start: 1690322796.1097806
