event_sleeping:
  end: 1690322796.08925
  start: 1690322796.0892463
