event_sleeping:
  end: 1690322796.131705
  start: 1690322796.1317012
