event_sleeping:
  end: 1690322796.1353695
  start: 1690322796.1353643
