event_sleeping:
  end: 1690322796.1236842
  start: 1690322796.1236806
