event_sleeping:
  end: 1690322796.1379874
  start: 1690322796.1379821
