event_sleeping:
  end: 1690322796.130588
  start: 1690322796.1305835
