event_sleeping:
  end: 1690322796.0865512
  start: 1690322796.0865476
