event_sleeping:
  end: 1690322796.1362677
  start: 1690322796.1362634
