event_sleeping:
  end: 1690322796.119645
  start: 1690322796.1196408
