event_sleeping:
  end: 1690322796.1235013
  start: 1690322796.1234975
