event_sleeping:
  end: 1690322796.0861444
  start: 1690322796.0861402
