event_sleeping:
  end: 1690322796.0876238
  start: 1690322796.0876195
