event_sleeping:
  end: 1690322796.160218
  start: 1690322796.1602104
