event_sleeping:
  end: 1690322796.1194804
  start: 1690322796.1194768
