event_sleeping:
  end: 1690322796.0966215
  start: 1690322796.0966146
