event_sleeping:
  end: 1690322796.1625595
  start: 1690322796.1625552
