event_sleeping:
  end: 1690322796.1264913
  start: 1690322796.126487
