event_sleeping:
  end: 1690322796.1243773
  start: 1690322796.1243734
