event_sleeping:
  end: 1690322796.1162436
  start: 1690322796.11624
