event_sleeping:
  end: 1690322796.0895228
  start: 1690322796.089519
