event_sleeping:
  end: 1690322796.0856326
  start: 1690322796.085617
