event_sleeping:
  end: 1690322796.0899909
  start: 1690322796.0899873
