event_sleeping:
  end: 1690322796.1183212
  start: 1690322796.1183176
