event_sleeping:
  end: 1690322796.1715677
  start: 1690322796.1715608
