event_sleeping:
  end: 1690322796.1243868
  start: 1690322796.1238751
