event_sleeping:
  end: 1690322796.1381896
  start: 1690322796.1381857
