event_sleeping:
  end: 1690322796.1383743
  start: 1690322796.138371
