event_sleeping:
  end: 1690322796.1365173
  start: 1690322796.136513
