event_sleeping:
  end: 1690322796.1165872
  start: 1690322796.116582
