event_sleeping:
  end: 1690322796.134523
  start: 1690322796.134516
