event_sleeping:
  end: 1690322796.14629
  start: 1690322796.1462865
