event_sleeping:
  end: 1690322796.1844122
  start: 1690322796.1844075
