event_sleeping:
  end: 1690322796.1058104
  start: 1690322796.105806
