event_sleeping:
  end: 1690322796.1271734
  start: 1690322796.1271698
