event_sleeping:
  end: 1690322796.0898545
  start: 1690322796.0898511
