event_sleeping:
  end: 1690322796.1317954
  start: 1690322796.1317914
