event_sleeping:
  end: 1690322796.0868194
  start: 1690322796.0868156
