event_sleeping:
  end: 1690322796.165379
  start: 1690322796.1653695
