event_sleeping:
  end: 1690322796.1258276
  start: 1690322796.125824
