event_sleeping:
  end: 1690322796.123765
  start: 1690322796.1237617
