event_sleeping:
  end: 1690322796.1158879
  start: 1690322796.115884
