event_sleeping:
  end: 1690322796.1141026
  start: 1690322796.1140962
