event_sleeping:
  end: 1690322796.1185608
  start: 1690322796.1185567
