event_sleeping:
  end: 1690322796.1426978
  start: 1690322796.1426926
