event_sleeping:
  end: 1690322796.0963285
  start: 1690322796.096322
