event_sleeping:
  end: 1690322796.089687
  start: 1690322796.0896835
