event_sleeping:
  end: 1690322796.1734445
  start: 1690322796.17344
