event_sleeping:
  end: 1690322796.138276
  start: 1690322796.1382723
