event_sleeping:
  end: 1690597572.0306025
  start: 1690597572.0305824
