event_sleeping:
  end: 1690597572.032328
  start: 1690597572.0323145
