event_sleeping:
  end: 1690597572.0325425
  start: 1690597572.032514
