event_sleeping:
  end: 1690597572.0327237
  start: 1690597572.0327063
