event_sleeping:
  end: 1690597572.0317397
  start: 1690597572.0317237
