event_sleeping:
  end: 1690597572.0299997
  start: 1690597572.029978
