event_sleeping:
  end: 1690600147.934166
  start: 1690600147.9341474
