event_sleeping:
  end: 1690600147.937752
  start: 1690600147.9377375
