event_sleeping:
  end: 1690600147.948743
  start: 1690600147.9487307
