event_sleeping:
  end: 1690600147.9740021
  start: 1690600147.973975
