event_sleeping:
  end: 1690600148.1221175
  start: 1690600148.122103
