event_sleeping:
  end: 1690600148.2386918
  start: 1690600148.2386765
