event_sleeping:
  end: 1690600148.1702292
  start: 1690600148.1702135
