event_sleeping:
  end: 1690600147.9474347
  start: 1690600147.9474142
