event_sleeping:
  end: 1690600148.014594
  start: 1690600148.0145786
