event_sleeping:
  end: 1690600147.9440904
  start: 1690600147.9440777
