event_sleeping:
  end: 1690600147.93509
  start: 1690600147.9350755
