event_sleeping:
  end: 1690600148.0363557
  start: 1690600148.0363412
