event_sleeping:
  end: 1690600148.2053835
  start: 1690600148.20537
