event_sleeping:
  end: 1690600148.0531363
  start: 1690600148.0531235
