event_sleeping:
  end: 1690600147.9429367
  start: 1690600147.9429166
