event_sleeping:
  end: 1690600148.0351772
  start: 1690600148.0351627
