event_sleeping:
  end: 1690600148.2055998
  start: 1690600148.2055843
