event_sleeping:
  end: 1690600147.936762
  start: 1690600147.936749
