event_sleeping:
  end: 1690600147.9501243
  start: 1690600147.9486518
