event_sleeping:
  end: 1690600147.947319
  start: 1690600147.9467897
