event_sleeping:
  end: 1690600148.0537317
  start: 1690600148.053719
