event_sleeping:
  end: 1690600147.9480026
  start: 1690600147.9477897
