event_sleeping:
  end: 1690600147.992223
  start: 1690600147.99219
