event_sleeping:
  end: 1690600148.1033833
  start: 1690600148.1033685
