event_sleeping:
  end: 1690600147.943168
  start: 1690600147.9419556
