event_sleeping:
  end: 1690600148.0129042
  start: 1690600148.0128827
