event_sleeping:
  end: 1690600148.2381327
  start: 1690600148.2381191
