event_sleeping:
  end: 1690600147.969201
  start: 1690600147.9691641
