event_sleeping:
  end: 1690600148.167121
  start: 1690600148.167104
