event_sleeping:
  end: 1690600148.034305
  start: 1690600148.0342884
