event_sleeping:
  end: 1690600148.072229
  start: 1690600148.0722153
