event_sleeping:
  end: 1690600147.9418406
  start: 1690600147.941407
