event_sleeping:
  end: 1690472809.6704779
  start: 1690472809.6704612
