event_uptime:
  end: 1690472879.6678393
  start: 1690472809.6744277
