event_uptime:
  end: 1690472905.3554204
  start: 1690472809.7526073
