event_uptime:
  end: 1690472869.5193486
  start: 1690472809.6767044
