event_sleeping:
  end: 1690472809.732067
  start: 1690472809.7320251
