event_uptime:
  end: 1690472883.2193484
  start: 1690472809.9053931
