event_uptime:
  end: 1690472879.119832
  start: 1690472809.9072428
