event_sleeping:
  end: 1690472809.860521
  start: 1690472809.8605003
