event_sleeping:
  end: 1690472809.6714413
  start: 1690472809.6714249
