event_sleeping:
  end: 1690472809.7175333
  start: 1690472809.717522
