event_uptime:
  end: 1690472894.8581803
  start: 1690472809.7691014
