event_sleeping:
  end: 1690472809.860211
  start: 1690472809.8601902
