event_sleeping:
  end: 1690472809.8122785
  start: 1690472809.8122427
