event_uptime:
  end: 1690472874.9798393
  start: 1690472809.8431437
