event_sleeping:
  end: 1690472809.6657648
  start: 1690472809.6657524
