event_uptime:
  end: 1690472887.016501
  start: 1690472809.6688058
