event_sleeping:
  end: 1690472809.668397
  start: 1690472809.668383
