event_uptime:
  end: 1690472875.5428476
  start: 1690472809.6706812
