event_sleeping:
  end: 1690472809.6748285
  start: 1690472809.6748111
