event_uptime:
  end: 1690472897.5920734
  start: 1690472809.71078
