event_uptime:
  end: 1690472869.195168
  start: 1690472809.6712112
