event_sleeping:
  end: 1690472809.6690364
  start: 1690472809.6690238
