event_uptime:
  end: 1690472876.631029
  start: 1690472809.6745777
