event_sleeping:
  end: 1690472809.670927
  start: 1690472809.670911
