event_sleeping:
  end: 1690472809.6736183
  start: 1690472809.6736052
