event_uptime:
  end: 1690472878.5706854
  start: 1690472809.6969998
