event_sleeping:
  end: 1690472809.6749918
  start: 1690472809.6749763
