event_uptime:
  end: 1690472865.8361766
  start: 1690472809.6939354
