event_sleeping:
  end: 1690472809.715137
  start: 1690472809.71512
