event_uptime:
  end: 1690472891.9920125
  start: 1690472809.7451923
