event_sleeping:
  end: 1690472809.6728694
  start: 1690472809.6728508
