event_uptime:
  end: 1690472821.7997055
  start: 1690472809.676591
