event_sleeping:
  end: 1690472809.663906
  start: 1690472809.6638908
