event_uptime:
  end: 1690472843.064345
  start: 1690472809.6680253
