event_sleeping:
  end: 1690602381.9292855
  start: 1690602381.9289904
