event_uptime:
  end: 1690602452.5390644
  start: 1690602381.9339678
