event_uptime:
  end: 1690602478.0517511
  start: 1690602381.9438393
