event_sleeping:
  end: 1690602381.9398108
  start: 1690602381.9397962
