event_uptime:
  end: 1690602455.9641662
  start: 1690602382.0357804
