event_sleeping:
  end: 1690602381.976184
  start: 1690602381.9761682
