event_uptime:
  end: 1690602467.6357112
  start: 1690602382.001844
