event_uptime:
  end: 1690602442.277029
  start: 1690602381.9436076
