event_sleeping:
  end: 1690602381.9413407
  start: 1690602381.941328
