event_sleeping:
  end: 1690602382.005072
  start: 1690602382.0050514
