event_sleeping:
  end: 1690602381.9441607
  start: 1690602381.9441464
