event_sleeping:
  end: 1690602382.0055535
  start: 1690602382.0055387
