event_uptime:
  end: 1690602451.8383632
  start: 1690602382.0330606
