event_uptime:
  end: 1690602447.7758644
  start: 1690602381.9901223
