event_uptime:
  end: 1690602459.8595257
  start: 1690602381.939877
