event_sleeping:
  end: 1690602381.9381034
  start: 1690602381.938091
