event_uptime:
  end: 1690602448.3367722
  start: 1690602381.9584298
