event_sleeping:
  end: 1690602381.9405208
  start: 1690602381.940508
