event_sleeping:
  end: 1690602381.9352105
  start: 1690602381.9351962
