event_uptime:
  end: 1690602470.336814
  start: 1690602381.9381413
