event_uptime:
  end: 1690602441.8651464
  start: 1690602381.9352295
