event_sleeping:
  end: 1690602381.9298527
  start: 1690602381.9298382
