event_sleeping:
  end: 1690602381.9390643
  start: 1690602381.9390516
