event_uptime:
  end: 1690602449.4922087
  start: 1690602381.9430015
