event_uptime:
  end: 1690602451.4386618
  start: 1690602381.9382908
