event_sleeping:
  end: 1690602381.9360044
  start: 1690602381.9359925
