event_uptime:
  end: 1690602438.6734054
  start: 1690602381.9442153
