event_sleeping:
  end: 1690602381.9422042
  start: 1690602381.9421895
