event_uptime:
  end: 1690602464.8039138
  start: 1690602381.9418344
