event_sleeping:
  end: 1690602381.938532
  start: 1690602381.9385195
