event_uptime:
  end: 1690602394.600499
  start: 1690602381.9361053
