event_sleeping:
  end: 1690602381.9323204
  start: 1690602381.9323037
