event_sleeping:
  end: 1690602381.931663
  start: 1690602381.9316504
