event_uptime:
  end: 1690602415.8246238
  start: 1690602381.9347863
