event_sleeping:
  end: 1690595229.1603837
  start: 1690595229.1603692
