event_sleeping:
  end: 1690595229.1623538
  start: 1690595229.1623402
