event_sleeping:
  end: 1690595229.1633918
  start: 1690595229.163379
