event_sleeping:
  end: 1690595229.1653104
  start: 1690595229.1652865
