event_sleeping:
  end: 1690595229.1641994
  start: 1690595229.164186
