event_sleeping:
  end: 1690595229.1625936
  start: 1690595229.1625798
