event_sleeping:
  end: 1690472929.8094103
  start: 1690472929.809397
