event_uptime:
  end: 1690473041.7795246
  start: 1690472929.8126576
