event_uptime:
  end: 1690473058.559116
  start: 1690472929.853033
