event_uptime:
  end: 1690473047.9037533
  start: 1690472929.9139512
