event_sleeping:
  end: 1690472929.837761
  start: 1690472929.8377469
