event_uptime:
  end: 1690473065.4884048
  start: 1690472929.8517697
