event_uptime:
  end: 1690473037.919184
  start: 1690472929.927494
