event_sleeping:
  end: 1690472929.8380742
  start: 1690472929.8380358
