event_sleeping:
  end: 1690472929.8780496
  start: 1690472929.8780308
