event_uptime:
  end: 1690473035.4948072
  start: 1690472929.8122187
