event_uptime:
  end: 1690473040.0156875
  start: 1690472929.8930938
