event_sleeping:
  end: 1690472929.808896
  start: 1690472929.808852
