event_sleeping:
  end: 1690472929.9101336
  start: 1690472929.910118
