event_sleeping:
  end: 1690472929.8069844
  start: 1690472929.806942
