event_uptime:
  end: 1690473045.610808
  start: 1690472929.811781
