event_sleeping:
  end: 1690472929.813025
  start: 1690472929.813004
