event_uptime:
  end: 1690473038.746513
  start: 1690472929.8153214
