event_uptime:
  end: 1690473085.3267896
  start: 1690472929.8125389
