event_sleeping:
  end: 1690472929.8098028
  start: 1690472929.8097892
