event_uptime:
  end: 1690473033.220222
  start: 1690472929.8313885
