event_sleeping:
  end: 1690472929.815194
  start: 1690472929.8151815
