event_uptime:
  end: 1690473038.5531068
  start: 1690472929.8149033
