event_sleeping:
  end: 1690472929.8124664
  start: 1690472929.8124497
