event_sleeping:
  end: 1690472929.8154595
  start: 1690472929.8154411
