event_uptime:
  end: 1690473042.4731066
  start: 1690472929.83684
