event_sleeping:
  end: 1690472929.816854
  start: 1690472929.8168418
