event_uptime:
  end: 1690473032.9336247
  start: 1690472929.8372047
