event_sleeping:
  end: 1690472929.853239
  start: 1690472929.8532243
