event_uptime:
  end: 1690473057.469953
  start: 1690472929.8958516
