event_sleeping:
  end: 1690472929.8032093
  start: 1690472929.8031907
