event_uptime:
  end: 1690472969.810852
  start: 1690472929.8065023
