event_sleeping:
  end: 1690472929.8036025
  start: 1690472929.8035812
