event_uptime:
  end: 1690472997.4643226
  start: 1690472929.8094418
