event_sleeping:
  end: 1690474317.1125226
  start: 1690474317.1125057
