event_sleeping:
  end: 1690474317.1184564
  start: 1690474317.118419
