event_sleeping:
  end: 1690474317.1180575
  start: 1690474317.11804
