event_sleeping:
  end: 1690474317.1102018
  start: 1690474317.110186
