event_sleeping:
  end: 1690474317.1109443
  start: 1690474317.1109314
