event_sleeping:
  end: 1690474317.17797
  start: 1690474317.1779509
