event_sleeping:
  end: 1690474317.1135733
  start: 1690474317.1135612
