event_sleeping:
  end: 1690474317.1166255
  start: 1690474317.1166098
