event_sleeping:
  end: 1690474317.135192
  start: 1690474317.1351235
