event_sleeping:
  end: 1690474317.1129816
  start: 1690474317.1129677
