event_sleeping:
  end: 1690474317.109885
  start: 1690474317.1098695
