event_sleeping:
  end: 1690474317.115171
  start: 1690474317.115159
