event_uptime:
  end: 1690314503.829593
  start: 1690314437.4017322
