event_sleeping:
  end: 1690314437.3994317
  start: 1690314437.3994296
