event_uptime:
  end: 1690314840.277509
  start: 1690314437.404723
