event_sleeping:
  end: 1690314437.4000926
  start: 1690314437.400091
