event_uptime:
  end: 1690314976.3666043
  start: 1690314437.4016259
