event_sleeping:
  end: 1690314437.3996265
  start: 1690314437.3996243
