event_uptime:
  end: 1690314739.4739027
  start: 1690314437.402229
