event_sleeping:
  end: 1690314437.3998537
  start: 1690314437.3998518
