event_uptime:
  end: 1690581640.0164402
  start: 1690581529.5421634
