event_sleeping:
  end: 1690581529.539355
  start: 1690581529.5393426
