event_uptime:
  end: 1690581633.859618
  start: 1690581529.5425513
