event_sleeping:
  end: 1690581529.5397642
  start: 1690581529.5397568
