event_sleeping:
  end: 1690581529.5395834
  start: 1690581529.5395725
