event_uptime:
  end: 1690581569.6157527
  start: 1690581529.5427942
