event_sleeping:
  end: 1690581529.5391078
  start: 1690581529.5390959
