event_uptime:
  end: 1690581595.4519317
  start: 1690581529.5423415
