event_sleeping:
  end: 1690595650.667339
  start: 1690595650.6673257
