event_sleeping:
  end: 1690595650.6714976
  start: 1690595650.6714833
