event_sleeping:
  end: 1690595650.8059378
  start: 1690595650.8059225
