event_sleeping:
  end: 1690595650.842399
  start: 1690595650.8423865
