event_sleeping:
  end: 1690595650.7407024
  start: 1690595650.7406902
