event_sleeping:
  end: 1690595650.6651947
  start: 1690595650.6651816
