event_sleeping:
  end: 1690595650.8379009
  start: 1690595650.8378696
