event_sleeping:
  end: 1690595650.7065806
  start: 1690595650.7065613
