event_sleeping:
  end: 1690595650.7573445
  start: 1690595650.7573276
