event_sleeping:
  end: 1690595650.665989
  start: 1690595650.665972
