event_sleeping:
  end: 1690595650.6711292
  start: 1690595650.671114
