event_sleeping:
  end: 1690595650.8042243
  start: 1690595650.8042095
