event_sleeping:
  end: 1690595650.6746836
  start: 1690595650.6746674
