event_sleeping:
  end: 1690595650.8055108
  start: 1690595650.8054948
