event_sleeping:
  end: 1690595650.7411237
  start: 1690595650.7411091
