event_sleeping:
  end: 1690595650.7384145
  start: 1690595650.7383978
