event_sleeping:
  end: 1690595650.7029297
  start: 1690595650.7029145
