event_sleeping:
  end: 1690595650.8261838
  start: 1690595650.8261712
