event_sleeping:
  end: 1690595650.7183473
  start: 1690595650.7182703
