event_sleeping:
  end: 1690595650.8061619
  start: 1690595650.8061476
