event_sleeping:
  end: 1690595650.664991
  start: 1690595650.664977
