event_sleeping:
  end: 1690595650.6709313
  start: 1690595650.6704717
