event_uptime:
  end: 1690626970.1667914
  start: 1690626897.4396682
