event_sleeping:
  end: 1690626897.4372044
  start: 1690626897.4371917
