event_sleeping:
  end: 1690626897.5174346
  start: 1690626897.5173783
