event_uptime:
  end: 1690627321.492048
  start: 1690626897.499941
