event_uptime:
  end: 1690627321.3545332
  start: 1690626897.711598
