event_sleeping:
  end: 1690626897.7905807
  start: 1690626897.7905664
