event_uptime:
  end: 1690627321.4542556
  start: 1690626897.5248787
