event_sleeping:
  end: 1690626897.4404483
  start: 1690626897.4404345
