event_sleeping:
  end: 1690626897.6921668
  start: 1690626897.6921523
