event_sleeping:
  end: 1690626897.4639106
  start: 1690626897.4638953
