event_uptime:
  end: 1690627321.2996352
  start: 1690626897.903707
