event_sleeping:
  end: 1690626897.5854592
  start: 1690626897.5854425
