event_uptime:
  end: 1690627321.479371
  start: 1690626897.752271
