event_uptime:
  end: 1690627321.3745692
  start: 1690626897.5903351
