event_sleeping:
  end: 1690626897.5893743
  start: 1690626897.5893576
