event_uptime:
  end: 1690627321.3911812
  start: 1690626897.4423296
