event_uptime:
  end: 1690627321.402649
  start: 1690626897.6310651
