event_sleeping:
  end: 1690626897.687471
  start: 1690626897.687454
