event_sleeping:
  end: 1690626897.7318394
  start: 1690626897.7318237
