event_sleeping:
  end: 1690626897.662448
  start: 1690626897.6624322
