event_uptime:
  end: 1690627321.434983
  start: 1690626897.6918108
