event_uptime:
  end: 1690627321.4428182
  start: 1690626897.6691806
