event_sleeping:
  end: 1690626897.7731018
  start: 1690626897.773087
