event_uptime:
  end: 1690627457.4713936
  start: 1690626897.856147
