event_uptime:
  end: 1690627457.5989878
  start: 1690626897.5822167
