event_uptime:
  end: 1690627457.6393144
  start: 1690626897.6892288
