event_sleeping:
  end: 1690626897.66651
  start: 1690626897.6664732
