event_uptime:
  end: 1690627457.6501687
  start: 1690626897.466915
