event_uptime:
  end: 1690627457.4913633
  start: 1690626897.7120893
