event_sleeping:
  end: 1690626897.4413643
  start: 1690626897.441344
