event_uptime:
  end: 1690627457.6141613
  start: 1690626897.6877391
