event_sleeping:
  end: 1690626897.5244184
  start: 1690626897.5244057
