event_sleeping:
  end: 1690626897.646005
  start: 1690626897.6459546
