event_sleeping:
  end: 1690626897.4441714
  start: 1690626897.4441555
