event_uptime:
  end: 1690627457.6642048
  start: 1690626897.547155
