event_uptime:
  end: 1690627457.4715934
  start: 1690626897.5925813
