event_sleeping:
  end: 1690626897.6902323
  start: 1690626897.6902177
