event_sleeping:
  end: 1690626897.5483031
  start: 1690626897.5482883
