event_uptime:
  end: 1690627457.647158
  start: 1690626897.4439676
