event_sleeping:
  end: 1690626897.5881534
  start: 1690626897.5881321
