event_uptime:
  end: 1690627457.6303527
  start: 1690626897.710075
