event_uptime:
  end: 1690627216.9377954
  start: 1690626897.5454605
