event_sleeping:
  end: 1690626897.7702746
  start: 1690626897.770244
