event_uptime:
  end: 1690627216.8572657
  start: 1690626897.8550575
