event_uptime:
  end: 1690627216.86163
  start: 1690626897.690596
