event_uptime:
  end: 1690627216.9942021
  start: 1690626897.5217571
