event_sleeping:
  end: 1690626897.525238
  start: 1690626897.5252252
