event_sleeping:
  end: 1690626897.6880746
  start: 1690626897.6880605
