event_sleeping:
  end: 1690626897.7119813
  start: 1690626897.7119637
