event_uptime:
  end: 1690627216.9456582
  start: 1690626897.6097133
