event_sleeping:
  end: 1690626897.585955
  start: 1690626897.585941
