event_sleeping:
  end: 1690626897.4972358
  start: 1690626897.4971824
