event_uptime:
  end: 1690627216.9631417
  start: 1690626897.7309358
