event_sleeping:
  end: 1690626897.6636627
  start: 1690626897.663646
