event_uptime:
  end: 1690627216.8970475
  start: 1690626897.6846914
