event_uptime:
  end: 1690627216.9830174
  start: 1690626897.4788268
