event_uptime:
  end: 1690627216.9212742
  start: 1690626897.5910482
