event_sleeping:
  end: 1690626897.4391596
  start: 1690626897.4391448
