event_uptime:
  end: 1690627216.8780913
  start: 1690626897.4414842
