event_sleeping:
  end: 1690626897.5915523
  start: 1690626897.5915275
