event_sleeping:
  end: 1690626897.44181
  start: 1690626897.441771
