event_sleeping:
  end: 1690412236.3056622
  start: 1690412236.3056495
