event_sleeping:
  end: 1690412236.3038316
  start: 1690412236.3035276
