event_sleeping:
  end: 1690412236.304575
  start: 1690412236.304562
