event_sleeping:
  end: 1690412236.3046932
  start: 1690412236.3046768
