event_sleeping:
  end: 1690412236.3073149
  start: 1690412236.3073006
