event_sleeping:
  end: 1690412236.3069208
  start: 1690412236.306907
