event_sleeping:
  end: 1690416720.5607388
  start: 1690416720.5607252
