event_sleeping:
  end: 1690416720.5609763
  start: 1690416720.5609667
