event_sleeping:
  end: 1690416720.560462
  start: 1690416720.5604491
