event_sleeping:
  end: 1690416720.560285
  start: 1690416720.560278
