event_sleeping:
  end: 1690416720.5643616
  start: 1690416720.5643475
