event_sleeping:
  end: 1690416720.561286
  start: 1690416720.5612738
