event_sleeping:
  end: 1690418321.9586046
  start: 1690418321.9585867
