event_sleeping:
  end: 1690418321.8733542
  start: 1690418321.8733397
