event_sleeping:
  end: 1690418321.4959083
  start: 1690418321.495894
