event_sleeping:
  end: 1690418322.011058
  start: 1690418322.0110407
