event_sleeping:
  end: 1690418321.48721
  start: 1690418321.4871948
