event_sleeping:
  end: 1690418321.8200338
  start: 1690418321.8200188
