event_sleeping:
  end: 1690418321.6910896
  start: 1690418321.6910758
