event_sleeping:
  end: 1690418321.6315594
  start: 1690418321.6315334
