event_sleeping:
  end: 1690418321.733023
  start: 1690418321.7330072
