event_sleeping:
  end: 1690418321.552155
  start: 1690418321.5521426
