event_sleeping:
  end: 1690418321.4878094
  start: 1690418321.4877949
