event_sleeping:
  end: 1690418321.7846622
  start: 1690418321.7846458
