event_sleeping:
  end: 1690418322.0105524
  start: 1690418322.010535
