event_sleeping:
  end: 1690418321.4867675
  start: 1690418321.4867535
