event_sleeping:
  end: 1690418321.7311034
  start: 1690418321.7310905
