event_sleeping:
  end: 1690418321.9579113
  start: 1690418321.9578953
