event_sleeping:
  end: 1690418321.6821842
  start: 1690418321.6821685
