event_sleeping:
  end: 1690418321.6278365
  start: 1690418321.6278138
