event_sleeping:
  end: 1690418321.8686223
  start: 1690418321.8686078
