event_sleeping:
  end: 1690418321.517545
  start: 1690418321.517531
