event_sleeping:
  end: 1690418321.803363
  start: 1690418321.803349
