event_sleeping:
  end: 1690418321.906039
  start: 1690418321.9060075
