event_sleeping:
  end: 1690418322.027288
  start: 1690418322.027272
