event_sleeping:
  end: 1690418321.4900193
  start: 1690418321.4900064
