event_sleeping:
  end: 1690418321.6884243
  start: 1690418321.6884093
