event_sleeping:
  end: 1690418321.7336857
  start: 1690418321.7336712
