event_sleeping:
  end: 1690418321.4908183
  start: 1690418321.4908037
