event_sleeping:
  end: 1690418321.6830144
  start: 1690418321.6829994
