event_sleeping:
  end: 1690418321.9545875
  start: 1690418321.954571
