event_sleeping:
  end: 1690418321.736663
  start: 1690418321.7366498
