event_sleeping:
  end: 1690418321.4934707
  start: 1690418321.4934525
