event_sleeping:
  end: 1690418321.9283767
  start: 1690418321.928363
