event_sleeping:
  end: 1690418321.6863942
  start: 1690418321.686381
