event_sleeping:
  end: 1690418321.9773653
  start: 1690418321.9773524
