event_sleeping:
  end: 1690418321.8671026
  start: 1690418321.8670707
