event_sleeping:
  end: 1690418322.0475771
  start: 1690418322.0475628
