event_sleeping:
  end: 1690418321.5503833
  start: 1690418321.5503657
