event_sleeping:
  end: 1690418321.9276562
  start: 1690418321.9276395
