event_sleeping:
  end: 1690418321.4895015
  start: 1690418321.4894876
