event_sleeping:
  end: 1690418321.821014
  start: 1690418321.8204453
