event_sleeping:
  end: 1690418321.7107635
  start: 1690418321.7107491
