event_sleeping:
  end: 1690418321.681703
  start: 1690418321.6816666
