event_sleeping:
  end: 1690418321.9734495
  start: 1690418321.9734144
