event_sleeping:
  end: 1690418321.4917643
  start: 1690418321.4917507
