event_sleeping:
  end: 1690418322.047245
  start: 1690418322.0472312
