event_sleeping:
  end: 1690418321.7341704
  start: 1690418321.7341561
