event_sleeping:
  end: 1690400555.2236857
  start: 1690400555.223671
