event_sleeping:
  end: 1690400555.2243223
  start: 1690400555.22431
