event_sleeping:
  end: 1690400555.2245636
  start: 1690400555.2245512
