event_sleeping:
  end: 1690400555.2233841
  start: 1690400555.2233691
