event_sleeping:
  end: 1690400555.2263634
  start: 1690400555.2263496
