event_sleeping:
  end: 1690400555.2248738
  start: 1690400555.224855
