event_sleeping:
  end: 1690489802.6791422
  start: 1690489802.6789262
