event_sleeping:
  end: 1690489802.9111092
  start: 1690489802.9110951
