event_sleeping:
  end: 1690489802.744872
  start: 1690489802.744832
