event_sleeping:
  end: 1690489803.3451815
  start: 1690489803.345167
