event_sleeping:
  end: 1690489803.0715609
  start: 1690489803.071535
