event_sleeping:
  end: 1690489803.55247
  start: 1690489803.5524561
