event_sleeping:
  end: 1690489803.0444188
  start: 1690489803.0444057
