event_sleeping:
  end: 1690489803.281712
  start: 1690489803.2816975
