event_sleeping:
  end: 1690489803.2333941
  start: 1690489803.2333786
