event_sleeping:
  end: 1690489802.6725314
  start: 1690489802.6725147
