event_sleeping:
  end: 1690489803.4771464
  start: 1690489803.477129
