event_sleeping:
  end: 1690489802.940212
  start: 1690489802.940196
