event_sleeping:
  end: 1690489803.4995987
  start: 1690489803.499581
