event_sleeping:
  end: 1690489802.862797
  start: 1690489802.8627841
