event_sleeping:
  end: 1690489803.5281713
  start: 1690489803.5281334
