event_sleeping:
  end: 1690489802.9807322
  start: 1690489802.9807186
