event_sleeping:
  end: 1690489802.8584673
  start: 1690489802.858453
