event_sleeping:
  end: 1690489803.3689725
  start: 1690489803.3689477
