event_sleeping:
  end: 1690489803.4990308
  start: 1690489803.499017
