event_sleeping:
  end: 1690489802.6781783
  start: 1690489802.6769116
