event_sleeping:
  end: 1690489803.0704427
  start: 1690489803.0689192
