event_sleeping:
  end: 1690489802.9087384
  start: 1690489802.9087245
