event_sleeping:
  end: 1690489803.236264
  start: 1690489803.2362494
