event_sleeping:
  end: 1690489802.6741629
  start: 1690489802.6741269
