event_sleeping:
  end: 1690489803.5544922
  start: 1690489803.5544786
