event_sleeping:
  end: 1690489802.766086
  start: 1690489802.766062
