event_sleeping:
  end: 1690489803.1885426
  start: 1690489803.1869304
