event_sleeping:
  end: 1690489803.0071957
  start: 1690489803.0059893
