event_sleeping:
  end: 1690489803.4173286
  start: 1690489803.4173145
