event_sleeping:
  end: 1690489803.5033424
  start: 1690489803.5033286
