event_sleeping:
  end: 1690489803.3245237
  start: 1690489803.3244805
