event_sleeping:
  end: 1690489803.5747771
  start: 1690489803.5747604
