event_sleeping:
  end: 1690489803.2072096
  start: 1690489803.2071805
