event_sleeping:
  end: 1690489802.9052022
  start: 1690489802.9051886
