event_sleeping:
  end: 1690489802.677569
  start: 1690489802.677555
