event_sleeping:
  end: 1690489803.0429745
  start: 1690489803.0429587
