event_sleeping:
  end: 1690489802.678379
  start: 1690489802.6780784
