event_sleeping:
  end: 1690489802.6735957
  start: 1690489802.6735814
