event_sleeping:
  end: 1690489803.0969093
  start: 1690489803.096896
