event_sleeping:
  end: 1690489802.7457128
  start: 1690489802.7456944
