event_sleeping:
  end: 1690489802.8791306
  start: 1690489802.8791149
