event_sleeping:
  end: 1690489802.982961
  start: 1690489802.9829473
