event_sleeping:
  end: 1690489803.494112
  start: 1690489803.4940853
