event_sleeping:
  end: 1690489803.5275795
  start: 1690489803.5275145
