event_sleeping:
  end: 1690489803.5298486
  start: 1690489803.5298357
