event_sleeping:
  end: 1690489803.3511724
  start: 1690489803.3511572
