event_sleeping:
  end: 1690489803.5957966
  start: 1690489803.5957737
