event_sleeping:
  end: 1690489803.5251436
  start: 1690489803.5251298
