event_sleeping:
  end: 1690489802.6827998
  start: 1690489802.6827679
