event_sleeping:
  end: 1690489803.0666842
  start: 1690489803.0666716
