event_sleeping:
  end: 1690489803.5030665
  start: 1690489803.5030525
