event_sleeping:
  end: 1690489803.4157963
  start: 1690489803.4157794
