event_sleeping:
  end: 1690489803.0056486
  start: 1690489803.0056214
