event_sleeping:
  end: 1690489802.9370573
  start: 1690489802.937037
