event_sleeping:
  end: 1690489803.3496404
  start: 1690489803.3496263
