event_sleeping:
  end: 1690489802.826395
  start: 1690489802.826374
