event_sleeping:
  end: 1690489802.9044514
  start: 1690489802.904438
