event_sleeping:
  end: 1690489803.1846535
  start: 1690489803.1846392
