event_sleeping:
  end: 1690489803.2351289
  start: 1690489803.235117
