event_sleeping:
  end: 1690489802.6764383
  start: 1690489802.6764243
