event_sleeping:
  end: 1690489803.116843
  start: 1690489803.1168215
