event_sleeping:
  end: 1690489803.5492055
  start: 1690489803.5491908
