event_sleeping:
  end: 1690489803.0027544
  start: 1690489803.002741
