event_sleeping:
  end: 1690489802.8837914
  start: 1690489802.8837783
