event_sleeping:
  end: 1690489802.8194408
  start: 1690489802.8194063
