event_sleeping:
  end: 1690489803.350224
  start: 1690489803.350211
