event_sleeping:
  end: 1690489802.913503
  start: 1690489802.9134912
