event_sleeping:
  end: 1690489803.2348795
  start: 1690489803.2348533
