event_sleeping:
  end: 1690489802.6845658
  start: 1690489802.6845498
