event_sleeping:
  end: 1690489803.5765948
  start: 1690489803.5765831
