event_sleeping:
  end: 1690489803.412508
  start: 1690489803.4124906
