event_sleeping:
  end: 1690489803.5246112
  start: 1690489803.524596
