event_sleeping:
  end: 1690489803.045026
  start: 1690489803.0450091
