event_sleeping:
  end: 1690489802.6798704
  start: 1690489802.679856
