event_sleeping:
  end: 1690489803.49874
  start: 1690489803.4987252
