event_uptime:
  end: 1690574556.3431485
  start: 1690574445.3914926
