event_sleeping:
  end: 1690574445.3872461
  start: 1690574445.3872294
