event_sleeping:
  end: 1690574445.3898785
  start: 1690574445.3898635
