event_uptime:
  end: 1690574550.1360543
  start: 1690574445.3918908
