event_uptime:
  end: 1690574560.1295946
  start: 1690574445.4487333
