event_sleeping:
  end: 1690574445.3916867
  start: 1690574445.3916693
