event_sleeping:
  end: 1690574445.4152265
  start: 1690574445.4152129
