event_uptime:
  end: 1690574553.2677655
  start: 1690574445.4332428
