event_sleeping:
  end: 1690574445.4154744
  start: 1690574445.4154527
