event_uptime:
  end: 1690574599.8031201
  start: 1690574445.4519734
