event_sleeping:
  end: 1690574445.390254
  start: 1690574445.38895
