event_uptime:
  end: 1690574485.5679755
  start: 1690574445.4089062
