event_sleeping:
  end: 1690574445.386788
  start: 1690574445.3866732
