event_uptime:
  end: 1690574511.8054724
  start: 1690574445.3895624
