event_sleeping:
  end: 1690450042.5496109
  start: 1690450042.549609
