event_sleeping:
  end: 1690450042.5499353
  start: 1690450042.5499332
