event_sleeping:
  end: 1690450042.551943
  start: 1690450042.5519395
