event_sleeping:
  end: 1690450042.5501032
  start: 1690450042.5501013
