event_sleeping:
  end: 1690450042.5531547
  start: 1690450042.5531511
