event_sleeping:
  end: 1690450042.5498037
  start: 1690450042.5498016
