event_uptime:
  end: 1690571539.0959048
  start: 1690571470.5249822
