event_sleeping:
  end: 1690571470.5223951
  start: 1690571470.5223897
