event_sleeping:
  end: 1690571470.5219789
  start: 1690571470.5219707
