event_uptime:
  end: 1690571482.5586975
  start: 1690571470.5247016
