event_uptime:
  end: 1690571502.1399083
  start: 1690571470.5248618
