event_sleeping:
  end: 1690571470.5221229
  start: 1690571470.5221155
