event_sleeping:
  end: 1690575587.0815713
  start: 1690575587.0815582
