event_uptime:
  end: 1690575698.5797424
  start: 1690575587.086027
