event_sleeping:
  end: 1690575587.0824683
  start: 1690575587.0824533
