event_uptime:
  end: 1690575692.3668818
  start: 1690575587.085099
