event_sleeping:
  end: 1690575587.0803213
  start: 1690575587.0803075
