event_uptime:
  end: 1690575702.2515192
  start: 1690575587.0844107
