event_uptime:
  end: 1690575695.691051
  start: 1690575587.1368566
