event_sleeping:
  end: 1690575587.0859425
  start: 1690575587.0859287
