event_uptime:
  end: 1690575742.0826735
  start: 1690575587.1375117
