event_sleeping:
  end: 1690575587.1168451
  start: 1690575587.1168234
