event_uptime:
  end: 1690575690.1201942
  start: 1690575587.1966376
