event_sleeping:
  end: 1690575587.138249
  start: 1690575587.1382282
