event_sleeping:
  end: 1690575587.179686
  start: 1690575587.1796408
