event_uptime:
  end: 1690575695.6441176
  start: 1690575587.1936266
