event_sleeping:
  end: 1690575587.1974502
  start: 1690575587.1974223
