event_uptime:
  end: 1690575699.2482748
  start: 1690575587.2151198
