event_sleeping:
  end: 1690575587.1980875
  start: 1690575587.1980243
