event_uptime:
  end: 1690575689.663131
  start: 1690575587.264257
