event_sleeping:
  end: 1690575587.1982937
  start: 1690575587.1982765
