event_uptime:
  end: 1690575714.3440952
  start: 1690575587.2326827
