event_sleeping:
  end: 1690575587.0828366
  start: 1690575587.082818
