event_uptime:
  end: 1690575627.179386
  start: 1690575587.1139586
