event_sleeping:
  end: 1690575587.079661
  start: 1690575587.079368
