event_uptime:
  end: 1690575654.1030877
  start: 1690575587.0816615
