event_sleeping:
  end: 1690407003.1139238
  start: 1690407003.1139116
