event_sleeping:
  end: 1690407003.1702826
  start: 1690407003.1702678
