event_sleeping:
  end: 1690407003.0081508
  start: 1690407003.0081382
