event_sleeping:
  end: 1690407003.2426085
  start: 1690407003.2425928
