event_sleeping:
  end: 1690407003.1668022
  start: 1690407003.1667883
