event_sleeping:
  end: 1690407003.0150733
  start: 1690407003.0145957
