event_sleeping:
  end: 1690407003.009345
  start: 1690407003.0093215
