event_sleeping:
  end: 1690407003.2383666
  start: 1690407003.2383444
