event_sleeping:
  end: 1690407003.11137
  start: 1690407003.1113548
