event_sleeping:
  end: 1690407003.1731837
  start: 1690407003.1731682
