event_sleeping:
  end: 1690407003.0093892
  start: 1690407003.0090535
