event_sleeping:
  end: 1690407003.167101
  start: 1690407003.1670704
