event_sleeping:
  end: 1690407003.1712317
  start: 1690407003.1712174
