event_sleeping:
  end: 1690407003.0458562
  start: 1690407003.045841
