event_sleeping:
  end: 1690407003.2586231
  start: 1690407003.2586083
