event_sleeping:
  end: 1690407003.0080023
  start: 1690407003.0079603
