event_sleeping:
  end: 1690407003.0108352
  start: 1690407003.0108235
