event_sleeping:
  end: 1690407003.2245953
  start: 1690407003.224582
