event_sleeping:
  end: 1690407003.2941177
  start: 1690407003.2941027
