event_sleeping:
  end: 1690407003.108246
  start: 1690407003.1082156
