event_sleeping:
  end: 1690407003.1695642
  start: 1690407003.16955
