event_sleeping:
  end: 1690407003.081793
  start: 1690407003.0817745
