event_sleeping:
  end: 1690407003.1659398
  start: 1690407003.165924
