event_sleeping:
  end: 1690407003.0143523
  start: 1690407003.0121174
