event_sleeping:
  end: 1690407003.2742715
  start: 1690407003.274253
