event_sleeping:
  end: 1690407003.1898324
  start: 1690407003.1898184
