event_sleeping:
  end: 1690594840.2146583
  start: 1690594840.2146196
