event_sleeping:
  end: 1690594840.2052379
  start: 1690594840.2052233
