event_sleeping:
  end: 1690594840.3247368
  start: 1690594840.3243017
