event_sleeping:
  end: 1690594840.2187684
  start: 1690594840.2187505
