event_sleeping:
  end: 1690594840.381637
  start: 1690594840.3816125
