event_sleeping:
  end: 1690594840.277369
  start: 1690594840.277351
