event_sleeping:
  end: 1690594840.3423522
  start: 1690594840.3423362
