event_sleeping:
  end: 1690594840.2094274
  start: 1690594840.2094095
