event_sleeping:
  end: 1690594840.2088366
  start: 1690594840.2088196
