event_sleeping:
  end: 1690594840.2137167
  start: 1690594840.2136931
