event_sleeping:
  end: 1690594840.2611556
  start: 1690594840.2611287
