event_sleeping:
  end: 1690594840.3046906
  start: 1690594840.3046732
