event_sleeping:
  end: 1690594840.3039846
  start: 1690594840.30397
