event_sleeping:
  end: 1690594840.218493
  start: 1690594840.2184489
