event_sleeping:
  end: 1690594840.3224306
  start: 1690594840.3224125
