event_sleeping:
  end: 1690594840.2067063
  start: 1690594840.206693
