event_sleeping:
  end: 1690594840.3796015
  start: 1690594840.3795671
