event_sleeping:
  end: 1690594840.2191398
  start: 1690594840.219107
