event_sleeping:
  end: 1690594840.3811278
  start: 1690594840.3811128
