event_sleeping:
  end: 1690594840.2150714
  start: 1690594840.214828
