event_sleeping:
  end: 1690594840.212034
  start: 1690594840.2120187
