event_sleeping:
  end: 1690628117.8203394
  start: 1690628117.8203235
