event_uptime:
  end: 1690628189.774541
  start: 1690628117.8242004
