event_uptime:
  end: 1690628541.229933
  start: 1690628117.9390283
