event_sleeping:
  end: 1690628117.9158587
  start: 1690628117.9158494
