event_sleeping:
  end: 1690628117.8327003
  start: 1690628117.8316886
