event_uptime:
  end: 1690628541.254788
  start: 1690628117.9424415
