event_uptime:
  end: 1690628541.212908
  start: 1690628117.8325944
