event_sleeping:
  end: 1690628117.829189
  start: 1690628117.8288386
