event_sleeping:
  end: 1690628117.9153767
  start: 1690628117.9153602
