event_uptime:
  end: 1690628541.3071158
  start: 1690628117.8267646
