event_sleeping:
  end: 1690628117.8239493
  start: 1690628117.8239338
