event_uptime:
  end: 1690628541.2861283
  start: 1690628117.8756797
