event_uptime:
  end: 1690628677.4465692
  start: 1690628117.913397
