event_sleeping:
  end: 1690628117.8764334
  start: 1690628117.8764017
