event_uptime:
  end: 1690628677.4410796
  start: 1690628117.830192
