event_uptime:
  end: 1690628677.5763233
  start: 1690628117.870016
