event_uptime:
  end: 1690628677.5469913
  start: 1690628117.941877
