event_sleeping:
  end: 1690628117.8304322
  start: 1690628117.8303974
