event_sleeping:
  end: 1690628117.8273804
  start: 1690628117.8273547
