event_sleeping:
  end: 1690628117.9168282
  start: 1690628117.9168165
