event_uptime:
  end: 1690628677.502589
  start: 1690628117.825361
