event_sleeping:
  end: 1690628117.8209646
  start: 1690628117.8209481
