event_uptime:
  end: 1690628436.6858366
  start: 1690628117.894266
