event_sleeping:
  end: 1690628117.8761683
  start: 1690628117.876154
