event_sleeping:
  end: 1690628117.8301268
  start: 1690628117.8301115
