event_uptime:
  end: 1690628436.7104652
  start: 1690628117.831821
