event_sleeping:
  end: 1690628117.8260896
  start: 1690628117.8260775
