event_uptime:
  end: 1690628436.742783
  start: 1690628117.8263953
