event_sleeping:
  end: 1690628117.897832
  start: 1690628117.8978157
