event_uptime:
  end: 1690628436.7030978
  start: 1690628117.829905
