event_uptime:
  end: 1690628436.6801434
  start: 1690628117.9154212
