event_sleeping:
  end: 1690350370.28564
  start: 1690350370.285636
