event_sleeping:
  end: 1690350370.2323616
  start: 1690350370.2323565
