event_sleeping:
  end: 1690350370.2160676
  start: 1690350370.2160635
