event_sleeping:
  end: 1690350370.2586405
  start: 1690350370.2586365
