event_sleeping:
  end: 1690350370.1780715
  start: 1690350370.178068
