event_sleeping:
  end: 1690350370.258083
  start: 1690350370.2580774
