event_sleeping:
  end: 1690350370.2336507
  start: 1690350370.2336354
