event_sleeping:
  end: 1690350370.2705657
  start: 1690350370.2705617
