event_sleeping:
  end: 1690350370.1770642
  start: 1690350370.1770601
