event_sleeping:
  end: 1690350370.1935234
  start: 1690350370.1935194
