event_sleeping:
  end: 1690350370.2596998
  start: 1690350370.2596955
