event_sleeping:
  end: 1690350370.2332675
  start: 1690350370.2332633
