event_sleeping:
  end: 1690350370.1834865
  start: 1690350370.183483
