event_sleeping:
  end: 1690350370.2124867
  start: 1690350370.2124825
