event_sleeping:
  end: 1690350370.2703857
  start: 1690350370.2703803
