event_sleeping:
  end: 1690350370.176785
  start: 1690350370.176781
