event_sleeping:
  end: 1690350370.1754801
  start: 1690350370.1754763
