event_sleeping:
  end: 1690350370.2790546
  start: 1690350370.2790506
