event_sleeping:
  end: 1690350370.2269588
  start: 1690350370.2269547
