event_sleeping:
  end: 1690350370.247403
  start: 1690350370.2473986
