event_sleeping:
  end: 1690350370.2890425
  start: 1690350370.289036
