event_sleeping:
  end: 1690350370.2304633
  start: 1690350370.230459
