event_sleeping:
  end: 1690350370.25643
  start: 1690350370.2564237
