event_sleeping:
  end: 1690350370.1785681
  start: 1690350370.1785645
