event_sleeping:
  end: 1690350370.194151
  start: 1690350370.1941469
