event_sleeping:
  end: 1690350370.2421134
  start: 1690350370.2421088
