event_sleeping:
  end: 1690350370.2741878
  start: 1690350370.2741802
