event_sleeping:
  end: 1690350370.1819518
  start: 1690350370.181948
