event_sleeping:
  end: 1690350370.217634
  start: 1690350370.2176294
