event_sleeping:
  end: 1690350370.2655988
  start: 1690350370.265594
