event_sleeping:
  end: 1690350370.1751313
  start: 1690350370.1751275
