event_sleeping:
  end: 1690350370.284789
  start: 1690350370.284779
