event_sleeping:
  end: 1690350370.2932556
  start: 1690350370.293245
