event_sleeping:
  end: 1690350370.2348092
  start: 1690350370.234805
