event_sleeping:
  end: 1690350370.1782236
  start: 1690350370.1782198
