event_sleeping:
  end: 1690350370.2578955
  start: 1690350370.2578914
