event_sleeping:
  end: 1690350370.2701948
  start: 1690350370.270191
