event_sleeping:
  end: 1690350370.1821954
  start: 1690350370.1821914
