event_sleeping:
  end: 1690350370.2461195
  start: 1690350370.246115
