event_sleeping:
  end: 1690350370.2224607
  start: 1690350370.2224567
