event_sleeping:
  end: 1690350370.2113342
  start: 1690350370.2113245
