event_sleeping:
  end: 1690350370.25675
  start: 1690350370.2567458
