event_sleeping:
  end: 1690350370.1801782
  start: 1690350370.1801739
