event_sleeping:
  end: 1690350370.2427933
  start: 1690350370.2427893
