event_sleeping:
  end: 1690350370.2948084
  start: 1690350370.2947326
