event_sleeping:
  end: 1690350370.2786844
  start: 1690350370.2786791
