event_sleeping:
  end: 1690350370.2208827
  start: 1690350370.2208757
