event_sleeping:
  end: 1690350370.2042098
  start: 1690350370.2042003
