event_sleeping:
  end: 1690350370.1811895
  start: 1690350370.1811855
