event_sleeping:
  end: 1690350370.2659073
  start: 1690350370.265887
