event_sleeping:
  end: 1690350370.231423
  start: 1690350370.231419
