event_uptime:
  end: 1690627596.6230543
  start: 1690627529.562717
