event_sleeping:
  end: 1690627529.5572617
  start: 1690627529.5572367
