event_uptime:
  end: 1690627933.014068
  start: 1690627529.5660405
