event_sleeping:
  end: 1690627529.6754868
  start: 1690627529.67547
