event_uptime:
  end: 1690627933.0528593
  start: 1690627529.679143
