event_uptime:
  end: 1690627933.021864
  start: 1690627529.7103648
