event_sleeping:
  end: 1690627529.5599098
  start: 1690627529.5598748
