event_sleeping:
  end: 1690627529.563459
  start: 1690627529.563443
