event_uptime:
  end: 1690627932.951463
  start: 1690627529.5662186
