event_sleeping:
  end: 1690627529.5644636
  start: 1690627529.564134
