event_uptime:
  end: 1690627932.9954433
  start: 1690627529.5631747
