event_uptime:
  end: 1690628069.0314617
  start: 1690627529.619267
