event_uptime:
  end: 1690628069.0787094
  start: 1690627529.6726103
