event_uptime:
  end: 1690628069.03467
  start: 1690627529.5587802
