event_sleeping:
  end: 1690627529.6399078
  start: 1690627529.6398914
