event_uptime:
  end: 1690628069.102942
  start: 1690627529.5643573
