event_sleeping:
  end: 1690627529.5999544
  start: 1690627529.59994
