event_sleeping:
  end: 1690627529.556594
  start: 1690627529.5565655
