event_uptime:
  end: 1690628069.0418355
  start: 1690627529.560716
