event_sleeping:
  end: 1690627529.5612118
  start: 1690627529.5611818
