event_sleeping:
  end: 1690627529.554333
  start: 1690627529.5543146
