event_sleeping:
  end: 1690627529.614438
  start: 1690627529.614414
