event_uptime:
  end: 1690627832.229683
  start: 1690627529.636081
