event_sleeping:
  end: 1690627529.565883
  start: 1690627529.5658681
