event_sleeping:
  end: 1690627529.5548027
  start: 1690627529.5547724
