event_uptime:
  end: 1690627832.2191942
  start: 1690627529.5645876
