event_uptime:
  end: 1690627832.1947432
  start: 1690627529.5951822
