event_sleeping:
  end: 1690627529.5626678
  start: 1690627529.5619926
