event_sleeping:
  end: 1690627529.5664492
  start: 1690627529.5664313
