event_uptime:
  end: 1690627832.262999
  start: 1690627529.563011
