event_uptime:
  end: 1690627832.250509
  start: 1690627529.6147113
