event_sleeping:
  end: 1690472474.1743221
  start: 1690472474.1743052
