event_sleeping:
  end: 1690472474.1737971
  start: 1690472474.1737769
