event_sleeping:
  end: 1690472474.1746688
  start: 1690472474.1746488
