event_sleeping:
  end: 1690472474.1747077
  start: 1690472474.174552
