event_sleeping:
  end: 1690473116.4977572
  start: 1690473116.4977427
