event_uptime:
  end: 1690473185.2161689
  start: 1690473116.5153017
