event_uptime:
  end: 1690473174.944918
  start: 1690473116.5003784
