event_sleeping:
  end: 1690473116.4973552
  start: 1690473116.4973464
