event_uptime:
  end: 1690473128.5513675
  start: 1690473116.5007753
