event_sleeping:
  end: 1690473116.4978328
  start: 1690473116.4978259
