event_uptime:
  end: 1690473148.2561214
  start: 1690473116.5002143
