event_sleeping:
  end: 1690473116.497157
  start: 1690473116.4971478
