event_sleeping:
  end: 1690326062.3830361
  start: 1690326062.3830266
