event_uptime:
  end: 1690326128.8224235
  start: 1690326062.3846514
