event_uptime:
  end: 1690326465.1388564
  start: 1690326062.3845413
