event_sleeping:
  end: 1690326062.383349
  start: 1690326062.3833456
