event_uptime:
  end: 1690326601.222616
  start: 1690326062.3873541
