event_sleeping:
  end: 1690326062.3834732
  start: 1690326062.3834713
