event_sleeping:
  end: 1690326062.3834357
  start: 1690326062.3834326
