event_uptime:
  end: 1690326364.3031335
  start: 1690326062.3867238
