event_sleeping:
  end: 1690548329.0534306
  start: 1690548329.0534148
