event_sleeping:
  end: 1690548328.9822578
  start: 1690548328.9822428
