event_sleeping:
  end: 1690548328.0097373
  start: 1690548328.0096986
