event_sleeping:
  end: 1690548328.3841064
  start: 1690548328.3840914
