event_sleeping:
  end: 1690548328.8131282
  start: 1690548328.813115
