event_sleeping:
  end: 1690548328.2021208
  start: 1690548328.2021086
