event_sleeping:
  end: 1690548328.9137812
  start: 1690548328.9137669
