event_sleeping:
  end: 1690548328.3306057
  start: 1690548328.3305922
