event_sleeping:
  end: 1690548327.9809172
  start: 1690548327.980881
