event_sleeping:
  end: 1690548328.7545109
  start: 1690548328.7544975
