event_sleeping:
  end: 1690548327.971315
  start: 1690548327.9713008
