event_sleeping:
  end: 1690548328.6448534
  start: 1690548328.6448383
