event_sleeping:
  end: 1690548328.108588
  start: 1690548328.1085746
