event_sleeping:
  end: 1690548328.5615022
  start: 1690548328.5614884
