event_sleeping:
  end: 1690548328.1325004
  start: 1690548328.1324835
