event_sleeping:
  end: 1690548328.0435581
  start: 1690548328.0435333
