event_sleeping:
  end: 1690548328.1537702
  start: 1690548328.1537583
