event_sleeping:
  end: 1690548328.9376013
  start: 1690548328.9375882
