event_sleeping:
  end: 1690548328.8134348
  start: 1690548328.813422
