event_sleeping:
  end: 1690548328.2677112
  start: 1690548328.2676952
