event_sleeping:
  end: 1690548328.6429608
  start: 1690548328.6429446
