event_sleeping:
  end: 1690548328.3834524
  start: 1690548328.3834362
