event_sleeping:
  end: 1690548327.9740648
  start: 1690548327.9740524
