event_sleeping:
  end: 1690548328.5327122
  start: 1690548328.5326967
