event_sleeping:
  end: 1690548329.0086048
  start: 1690548329.0085914
