event_sleeping:
  end: 1690548328.0147984
  start: 1690548328.0147855
