event_sleeping:
  end: 1690548328.753579
  start: 1690548328.7535632
