event_sleeping:
  end: 1690548327.971901
  start: 1690548327.9718862
