event_sleeping:
  end: 1690548328.159796
  start: 1690548328.159784
