event_sleeping:
  end: 1690548328.889033
  start: 1690548328.8890207
