event_sleeping:
  end: 1690548328.0656786
  start: 1690548328.065661
