event_sleeping:
  end: 1690548328.2006123
  start: 1690548328.2005975
