event_sleeping:
  end: 1690548328.6650064
  start: 1690548328.6649797
