event_sleeping:
  end: 1690548327.9826381
  start: 1690548327.982606
