event_sleeping:
  end: 1690548329.0582416
  start: 1690548329.0582278
