event_sleeping:
  end: 1690548328.8624942
  start: 1690548328.8624778
