event_sleeping:
  end: 1690548329.0041187
  start: 1690548329.0041034
