event_sleeping:
  end: 1690548328.154852
  start: 1690548328.1548388
