event_sleeping:
  end: 1690548328.4803865
  start: 1690548328.4803648
