event_sleeping:
  end: 1690548328.0173855
  start: 1690548328.017365
