event_sleeping:
  end: 1690548327.9682767
  start: 1690548327.968256
