event_sleeping:
  end: 1690548328.327671
  start: 1690548328.327655
