event_sleeping:
  end: 1690548328.5590208
  start: 1690548328.5590007
