event_sleeping:
  end: 1690548327.9758523
  start: 1690548327.9758387
