event_sleeping:
  end: 1690548328.1092653
  start: 1690548328.109247
