event_sleeping:
  end: 1690548328.8651524
  start: 1690548328.8651378
