event_sleeping:
  end: 1690548327.970346
  start: 1690548327.970331
