event_sleeping:
  end: 1690548328.4809349
  start: 1690548328.4809206
