event_sleeping:
  end: 1690548328.8117912
  start: 1690548328.8117778
