event_sleeping:
  end: 1690548328.7143078
  start: 1690548328.7142918
