event_sleeping:
  end: 1690548327.9833326
  start: 1690548327.9833136
