event_sleeping:
  end: 1690548328.6398587
  start: 1690548328.6398013
