event_sleeping:
  end: 1690548328.1571345
  start: 1690548328.157117
