event_sleeping:
  end: 1690548329.0066648
  start: 1690548329.006653
