event_sleeping:
  end: 1690548328.059338
  start: 1690548328.0592992
