event_sleeping:
  end: 1690548329.0104957
  start: 1690548329.010477
