event_sleeping:
  end: 1690548328.9153736
  start: 1690548328.915355
