event_sleeping:
  end: 1690548328.2645261
  start: 1690548328.2645113
