event_sleeping:
  end: 1690548328.8065503
  start: 1690548328.806536
