event_sleeping:
  end: 1690548328.2043562
  start: 1690548328.2043402
