event_sleeping:
  end: 1690548329.0075352
  start: 1690548329.0075223
