event_sleeping:
  end: 1690548329.0576475
  start: 1690548329.0576332
