event_sleeping:
  end: 1690548328.9148984
  start: 1690548328.914886
