event_sleeping:
  end: 1690548328.4765954
  start: 1690548328.4765725
