event_sleeping:
  end: 1690548328.9084868
  start: 1690548328.908471
