event_sleeping:
  end: 1690548328.0138402
  start: 1690548328.0138268
