event_sleeping:
  end: 1690548328.7086065
  start: 1690548328.7085893
