event_sleeping:
  end: 1690548328.0865717
  start: 1690548328.086556
