event_sleeping:
  end: 1690548328.0154753
  start: 1690548328.01546
