event_sleeping:
  end: 1690548328.6172879
  start: 1690548328.6172607
