event_sleeping:
  end: 1690548327.976151
  start: 1690548327.9761379
