event_sleeping:
  end: 1690548328.1563632
  start: 1690548328.156345
