event_sleeping:
  end: 1690597133.6355746
  start: 1690597133.6355593
