event_sleeping:
  end: 1690597133.6392655
  start: 1690597133.6386652
