event_sleeping:
  end: 1690597133.637864
  start: 1690597133.63785
