event_sleeping:
  end: 1690597133.6383665
  start: 1690597133.6383524
