event_sleeping:
  end: 1690597133.6413522
  start: 1690597133.6413321
