event_sleeping:
  end: 1690597133.6339927
  start: 1690597133.6339788
