event_sleeping:
  end: 1690597133.6405396
  start: 1690597133.6405063
