event_sleeping:
  end: 1690597133.6773162
  start: 1690597133.677276
