event_sleeping:
  end: 1690597133.6420853
  start: 1690597133.642071
