event_sleeping:
  end: 1690597133.6398225
  start: 1690597133.639805
