event_sleeping:
  end: 1690597133.6437674
  start: 1690597133.643755
