event_sleeping:
  end: 1690597133.6330752
  start: 1690597133.6330678
