event_uptime:
  end: 1690568882.7677603
  start: 1690568771.3822138
