event_sleeping:
  end: 1690568771.378061
  start: 1690568771.3779879
