event_uptime:
  end: 1690568876.675775
  start: 1690568771.3814697
