event_sleeping:
  end: 1690568771.378436
  start: 1690568771.3784194
