event_sleeping:
  end: 1690568771.3792567
  start: 1690568771.3792448
