event_uptime:
  end: 1690568886.568551
  start: 1690568771.3816483
