event_uptime:
  end: 1690568879.750453
  start: 1690568771.4006922
