event_sleeping:
  end: 1690568771.3821886
  start: 1690568771.3821728
