event_uptime:
  end: 1690568926.339428
  start: 1690568771.405066
