event_uptime:
  end: 1690568874.2919645
  start: 1690568771.4189656
