event_sleeping:
  end: 1690568771.3838623
  start: 1690568771.383847
