event_sleeping:
  end: 1690568771.400475
  start: 1690568771.400424
