event_uptime:
  end: 1690568879.7321646
  start: 1690568771.4147618
