event_uptime:
  end: 1690568883.542705
  start: 1690568771.461669
