event_sleeping:
  end: 1690568771.458108
  start: 1690568771.4580815
