event_sleeping:
  end: 1690568771.4585168
  start: 1690568771.4584982
