event_uptime:
  end: 1690568873.9990604
  start: 1690568771.477272
