event_uptime:
  end: 1690568898.5764372
  start: 1690568771.4778235
