event_sleeping:
  end: 1690568771.4740345
  start: 1690568771.4739594
