event_uptime:
  end: 1690568811.4556587
  start: 1690568771.3782508
