event_sleeping:
  end: 1690568771.3755896
  start: 1690568771.3755767
