event_uptime:
  end: 1690568838.4118874
  start: 1690568771.381943
