event_sleeping:
  end: 1690568771.3752737
  start: 1690568771.374838
