event_sleeping:
  end: 1690636650.2997723
  start: 1690636650.2997646
