event_uptime:
  end: 1690636723.8712401
  start: 1690636650.3023155
