event_sleeping:
  end: 1690636650.7002082
  start: 1690636650.700202
