event_uptime:
  end: 1690637074.9580932
  start: 1690636651.2283137
