event_uptime:
  end: 1690637074.9018452
  start: 1690636650.4194732
