event_uptime:
  end: 1690637074.9646397
  start: 1690636650.7333343
