event_uptime:
  end: 1690637075.134051
  start: 1690636651.4930954
