event_sleeping:
  end: 1690636651.4737935
  start: 1690636651.4737597
