event_uptime:
  end: 1690637074.8848164
  start: 1690636652.1410847
