event_uptime:
  end: 1690637075.0393963
  start: 1690636651.9439235
