event_uptime:
  end: 1690637075.1545389
  start: 1690636651.021157
