event_uptime:
  end: 1690637075.0392299
  start: 1690636650.9703853
