event_sleeping:
  end: 1690636651.1855373
  start: 1690636651.1855307
