event_sleeping:
  end: 1690636651.635423
  start: 1690636651.635412
