event_uptime:
  end: 1690637074.724764
  start: 1690636651.175058
