event_uptime:
  end: 1690637074.9265282
  start: 1690636651.5926628
