event_sleeping:
  end: 1690636650.416325
  start: 1690636650.4163182
