event_sleeping:
  end: 1690636651.5016396
  start: 1690636651.5016332
