event_uptime:
  end: 1690637075.1560063
  start: 1690636650.4714496
