event_uptime:
  end: 1690637075.0830367
  start: 1690636651.8937254
