event_sleeping:
  end: 1690636651.8610582
  start: 1690636651.8610508
