event_uptime:
  end: 1690637075.0627599
  start: 1690636650.883239
