event_uptime:
  end: 1690637074.8798018
  start: 1690636651.7376385
