event_sleeping:
  end: 1690636650.575771
  start: 1690636650.5757623
