event_sleeping:
  end: 1690636651.1105137
  start: 1690636651.110501
