event_sleeping:
  end: 1690636651.8935988
  start: 1690636651.893591
