event_sleeping:
  end: 1690636652.126948
  start: 1690636652.1269412
