event_sleeping:
  end: 1690636651.0104432
  start: 1690636651.010436
