event_sleeping:
  end: 1690636650.9268076
  start: 1690636650.9268005
