event_sleeping:
  end: 1690636650.8748817
  start: 1690636650.8469553
