event_sleeping:
  end: 1690636650.3953342
  start: 1690636650.3952603
