event_uptime:
  end: 1690637075.0080972
  start: 1690636650.8212423
