event_sleeping:
  end: 1690636651.8145356
  start: 1690636651.8145034
