event_uptime:
  end: 1690637210.994424
  start: 1690636651.569745
