event_uptime:
  end: 1690637211.1180995
  start: 1690636651.818897
