event_sleeping:
  end: 1690636651.185736
  start: 1690636651.1857293
