event_sleeping:
  end: 1690636650.332964
  start: 1690636650.3329499
