event_sleeping:
  end: 1690636650.5694995
  start: 1690636650.56949
