event_uptime:
  end: 1690637211.0158157
  start: 1690636651.6346586
