event_uptime:
  end: 1690637211.0022893
  start: 1690636651.2324665
