event_sleeping:
  end: 1690636651.9746335
  start: 1690636651.9463255
