event_uptime:
  end: 1690637211.081531
  start: 1690636650.7002974
