event_sleeping:
  end: 1690636650.9957912
  start: 1690636650.995769
