event_sleeping:
  end: 1690636651.2821252
  start: 1690636651.2791674
