event_sleeping:
  end: 1690636650.6316512
  start: 1690636650.6316411
