event_sleeping:
  end: 1690636651.5013142
  start: 1690636651.5013068
