event_uptime:
  end: 1690637211.1946971
  start: 1690636651.019735
