event_sleeping:
  end: 1690636651.1851273
  start: 1690636651.1840174
