event_uptime:
  end: 1690637211.1948705
  start: 1690636651.2933435
