event_sleeping:
  end: 1690636650.4156535
  start: 1690636650.4156241
