event_uptime:
  end: 1690637210.9212816
  start: 1690636651.9858367
