event_sleeping:
  end: 1690636650.883452
  start: 1690636650.8834357
