event_uptime:
  end: 1690637211.008047
  start: 1690636650.5812232
