event_sleeping:
  end: 1690636651.952491
  start: 1690636651.952477
