event_uptime:
  end: 1690637211.123344
  start: 1690636650.923965
