event_sleeping:
  end: 1690636651.501521
  start: 1690636651.5015144
