event_uptime:
  end: 1690637211.0502915
  start: 1690636652.022387
