event_uptime:
  end: 1690637211.1533954
  start: 1690636650.8448706
