event_sleeping:
  end: 1690636650.8211994
  start: 1690636650.8211894
