event_uptime:
  end: 1690637211.178141
  start: 1690636650.4508169
