event_uptime:
  end: 1690637210.8810697
  start: 1690636651.2275796
