event_uptime:
  end: 1690637210.9381504
  start: 1690636650.3395936
