event_uptime:
  end: 1690636970.4334493
  start: 1690636650.3580842
