event_uptime:
  end: 1690636970.553017
  start: 1690636650.6556127
