event_uptime:
  end: 1690636970.6158345
  start: 1690636650.539655
