event_sleeping:
  end: 1690636650.529837
  start: 1690636650.5298162
