event_uptime:
  end: 1690636970.481012
  start: 1690636651.5507276
