event_uptime:
  end: 1690636970.6039038
  start: 1690636650.8822997
