event_sleeping:
  end: 1690636651.6817024
  start: 1690636651.6816936
