event_uptime:
  end: 1690636970.524558
  start: 1690636651.0161536
