event_uptime:
  end: 1690636970.4001713
  start: 1690636651.2316473
