event_sleeping:
  end: 1690636651.185236
  start: 1690636651.1852252
