event_sleeping:
  end: 1690636651.952079
  start: 1690636651.9517903
