event_sleeping:
  end: 1690636651.1640668
  start: 1690636651.1640487
