event_sleeping:
  end: 1690636650.5719423
  start: 1690636650.5719357
