event_uptime:
  end: 1690636970.4337869
  start: 1690636650.4954798
