event_sleeping:
  end: 1690636650.8210084
  start: 1690636650.8209984
