event_sleeping:
  end: 1690636650.4507399
  start: 1690636650.450733
