event_sleeping:
  end: 1690636650.8743877
  start: 1690636650.874373
