event_uptime:
  end: 1690636970.5183446
  start: 1690636652.0686939
