event_uptime:
  end: 1690636970.3613474
  start: 1690636652.0966628
