event_uptime:
  end: 1690636970.4457438
  start: 1690636651.5005589
