event_sleeping:
  end: 1690636651.9526742
  start: 1690636651.9526672
