event_sleeping:
  end: 1690636650.3001623
  start: 1690636650.3001556
