event_sleeping:
  end: 1690636650.9627094
  start: 1690636650.962698
