event_sleeping:
  end: 1690636651.5202024
  start: 1690636651.5009146
