event_uptime:
  end: 1690636970.6601915
  start: 1690636650.8436668
