event_uptime:
  end: 1690636970.6825051
  start: 1690636651.293951
