event_uptime:
  end: 1690636970.4336407
  start: 1690636651.185764
