event_sleeping:
  end: 1690636651.269881
  start: 1690636651.2698586
