event_sleeping:
  end: 1690636651.4868855
  start: 1690636651.486874
