event_uptime:
  end: 1690636970.6565263
  start: 1690636651.6867259
