event_uptime:
  end: 1690580306.7477963
  start: 1690580238.238055
