event_sleeping:
  end: 1690580238.2094076
  start: 1690580238.2093782
