event_uptime:
  end: 1690580250.2556648
  start: 1690580238.223624
