event_sleeping:
  end: 1690580238.2092757
  start: 1690580238.2090664
