event_uptime:
  end: 1690580269.8624494
  start: 1690580238.210926
