event_sleeping:
  end: 1690580238.2089627
  start: 1690580238.2088246
