event_sleeping:
  end: 1690594194.35507
  start: 1690594194.354995
