event_sleeping:
  end: 1690594194.5712197
  start: 1690594194.5699553
