event_sleeping:
  end: 1690594194.3768544
  start: 1690594194.3768072
