event_sleeping:
  end: 1690594194.571606
  start: 1690594194.5715916
