event_sleeping:
  end: 1690594194.651453
  start: 1690594194.6511357
