event_sleeping:
  end: 1690594194.42242
  start: 1690594194.4223986
