event_sleeping:
  end: 1690594194.3582337
  start: 1690594194.3582203
