event_sleeping:
  end: 1690594194.6073327
  start: 1690594194.6073172
