event_sleeping:
  end: 1690594194.4785888
  start: 1690594194.4785774
