event_sleeping:
  end: 1690594194.6061187
  start: 1690594194.5915554
