event_sleeping:
  end: 1690594194.6112614
  start: 1690594194.611236
