event_sleeping:
  end: 1690594194.4015613
  start: 1690594194.4015443
