event_sleeping:
  end: 1690594194.6517348
  start: 1690594194.6517184
