event_sleeping:
  end: 1690594194.6315832
  start: 1690594194.6315713
