event_sleeping:
  end: 1690594194.4432085
  start: 1690594194.4431903
