event_sleeping:
  end: 1690594194.400789
  start: 1690594194.4007747
