event_sleeping:
  end: 1690594194.4215562
  start: 1690594194.421542
