event_sleeping:
  end: 1690594194.6309917
  start: 1690594194.630963
