event_sleeping:
  end: 1690594194.4579468
  start: 1690594194.4579337
