event_sleeping:
  end: 1690594194.3839185
  start: 1690594194.3839018
