event_sleeping:
  end: 1690594194.571116
  start: 1690594194.5710998
