event_sleeping:
  end: 1690594194.47925
  start: 1690594194.479226
