event_sleeping:
  end: 1690594194.6548653
  start: 1690594194.6537385
