event_sleeping:
  end: 1690594194.5910833
  start: 1690594194.5910642
