event_sleeping:
  end: 1690594194.357191
  start: 1690594194.3571758
