event_sleeping:
  end: 1690594194.6067345
  start: 1690594194.5919795
