event_sleeping:
  end: 1690594194.65083
  start: 1690594194.650811
