event_sleeping:
  end: 1690594194.6484318
  start: 1690594194.6484182
