event_sleeping:
  end: 1690594194.3612552
  start: 1690594194.361233
