event_sleeping:
  end: 1690594194.3625002
  start: 1690594194.362476
