event_sleeping:
  end: 1690594194.651314
  start: 1690594194.6513004
