event_sleeping:
  end: 1690594194.355963
  start: 1690594194.3559446
