event_sleeping:
  end: 1690419998.6191003
  start: 1690419998.6190877
