event_sleeping:
  end: 1690419998.4746988
  start: 1690419998.4746866
