event_sleeping:
  end: 1690419998.2607067
  start: 1690419998.2606926
