event_sleeping:
  end: 1690419998.5749617
  start: 1690419998.5749474
