event_sleeping:
  end: 1690419998.6969686
  start: 1690419998.696948
