event_sleeping:
  end: 1690419998.325176
  start: 1690419998.3251605
