event_sleeping:
  end: 1690419998.173347
  start: 1690419998.173099
