event_sleeping:
  end: 1690419998.7616835
  start: 1690419998.7616706
