event_sleeping:
  end: 1690419998.1728284
  start: 1690419998.1714964
