event_sleeping:
  end: 1690419998.4492254
  start: 1690419998.4492116
