event_sleeping:
  end: 1690419998.1783786
  start: 1690419998.178363
