event_sleeping:
  end: 1690419998.1706831
  start: 1690419998.1706688
