event_sleeping:
  end: 1690419998.3930368
  start: 1690419998.3930216
