event_sleeping:
  end: 1690419998.5502653
  start: 1690419998.5502465
