event_sleeping:
  end: 1690419998.4714465
  start: 1690419998.470864
