event_sleeping:
  end: 1690419998.2562375
  start: 1690419998.25619
