event_sleeping:
  end: 1690419998.3084977
  start: 1690419998.3084745
