event_sleeping:
  end: 1690419998.7605395
  start: 1690419998.7605193
