event_sleeping:
  end: 1690419998.617399
  start: 1690419998.6173823
