event_sleeping:
  end: 1690419998.177775
  start: 1690419998.1777618
