event_sleeping:
  end: 1690419998.1767254
  start: 1690419998.1767085
