event_sleeping:
  end: 1690419998.4289775
  start: 1690419998.4289598
