event_sleeping:
  end: 1690419998.6974041
  start: 1690419998.6973896
