event_sleeping:
  end: 1690419998.6133375
  start: 1690419998.6133215
