event_sleeping:
  end: 1690419998.3423076
  start: 1690419998.3422935
