event_sleeping:
  end: 1690419998.781354
  start: 1690419998.7813375
