event_sleeping:
  end: 1690419998.256807
  start: 1690419998.2566512
