event_sleeping:
  end: 1690419998.6201894
  start: 1690419998.6201758
