event_sleeping:
  end: 1690419998.180512
  start: 1690419998.1804976
