event_sleeping:
  end: 1690419998.4722564
  start: 1690419998.4722407
