event_sleeping:
  end: 1690419998.2040124
  start: 1690419998.2039993
