event_sleeping:
  end: 1690419998.7546885
  start: 1690419998.7546673
