event_sleeping:
  end: 1690419998.6147316
  start: 1690419998.6147122
