event_sleeping:
  end: 1690419998.2822819
  start: 1690419998.282262
