event_sleeping:
  end: 1690419998.660383
  start: 1690419998.6603658
