event_sleeping:
  end: 1690419998.5516613
  start: 1690419998.5515857
