event_sleeping:
  end: 1690419998.1750388
  start: 1690419998.1750174
