event_sleeping:
  end: 1690419998.4306238
  start: 1690419998.430608
