event_sleeping:
  end: 1690419998.8013773
  start: 1690419998.8013499
