event_sleeping:
  end: 1690419998.3869379
  start: 1690419998.3868918
