event_sleeping:
  end: 1690419998.1793933
  start: 1690419998.1793764
