event_sleeping:
  end: 1690419998.4499743
  start: 1690419998.4499617
