event_sleeping:
  end: 1690419998.3915906
  start: 1690419998.3915753
