event_sleeping:
  end: 1690419998.5971463
  start: 1690419998.5971296
