event_sleeping:
  end: 1690419998.2799106
  start: 1690419998.2798662
