event_sleeping:
  end: 1690419998.8019664
  start: 1690419998.8019514
