event_sleeping:
  end: 1690419998.5250137
  start: 1690419998.5249865
