event_sleeping:
  end: 1690419998.660165
  start: 1690419998.6601493
