event_sleeping:
  end: 1690419998.7138858
  start: 1690419998.7138717
