event_sleeping:
  end: 1690419998.203756
  start: 1690419998.2037406
