event_sleeping:
  end: 1690634166.4930294
  start: 1690634166.493012
