event_uptime:
  end: 1690634238.4914799
  start: 1690634166.4963312
