event_sleeping:
  end: 1690634166.6236584
  start: 1690634166.6236458
