event_uptime:
  end: 1690634589.9553473
  start: 1690634166.5269027
