event_sleeping:
  end: 1690634166.4982815
  start: 1690634166.4982638
