event_uptime:
  end: 1690634589.9231484
  start: 1690634166.5996766
