event_uptime:
  end: 1690634589.9668913
  start: 1690634166.5014448
