event_sleeping:
  end: 1690634166.4985955
  start: 1690634166.498574
