event_uptime:
  end: 1690634589.9353716
  start: 1690634166.5020454
