event_sleeping:
  end: 1690634166.579445
  start: 1690634166.57941
