event_sleeping:
  end: 1690634166.5241597
  start: 1690634166.5241442
