event_uptime:
  end: 1690634589.9037693
  start: 1690634166.6562626
