event_uptime:
  end: 1690634726.0069425
  start: 1690634166.6223345
