event_uptime:
  end: 1690634726.0547292
  start: 1690634166.5264847
