event_sleeping:
  end: 1690634166.6186404
  start: 1690634166.6186116
