event_sleeping:
  end: 1690634166.4962676
  start: 1690634166.496254
