event_uptime:
  end: 1690634725.9567475
  start: 1690634166.5738044
