event_uptime:
  end: 1690634726.0044487
  start: 1690634166.5242167
