event_sleeping:
  end: 1690634166.5038466
  start: 1690634166.5038176
