event_sleeping:
  end: 1690634166.5268657
  start: 1690634166.5268528
