event_sleeping:
  end: 1690634166.5019853
  start: 1690634166.501948
