event_uptime:
  end: 1690634726.0248203
  start: 1690634166.498938
