event_sleeping:
  end: 1690634166.621768
  start: 1690634166.621754
