event_uptime:
  end: 1690634485.4580948
  start: 1690634166.5017543
