event_uptime:
  end: 1690634485.4268775
  start: 1690634166.4974985
