event_sleeping:
  end: 1690634166.5777645
  start: 1690634166.5777247
