event_uptime:
  end: 1690634485.4460216
  start: 1690634166.6589465
