event_uptime:
  end: 1690634485.375864
  start: 1690634166.5828338
