event_sleeping:
  end: 1690634166.4933147
  start: 1690634166.4932997
