event_sleeping:
  end: 1690634166.578978
  start: 1690634166.5789645
