event_sleeping:
  end: 1690634166.4981472
  start: 1690634166.498128
