event_uptime:
  end: 1690634485.4692698
  start: 1690634166.582382
