event_sleeping:
  end: 1690470018.0650012
  start: 1690470018.0649889
