event_sleeping:
  end: 1690470018.1258929
  start: 1690470018.1258698
