event_sleeping:
  end: 1690470018.1275978
  start: 1690470018.1275797
