event_sleeping:
  end: 1690470018.1272936
  start: 1690470018.1272776
