event_sleeping:
  end: 1690470018.1080153
  start: 1690470018.107997
