event_sleeping:
  end: 1690470018.0672753
  start: 1690470018.067254
