event_sleeping:
  end: 1690470018.0687554
  start: 1690470018.0687416
