event_sleeping:
  end: 1690470018.1256666
  start: 1690470018.1256516
