event_sleeping:
  end: 1690470018.0908623
  start: 1690470018.090848
