event_sleeping:
  end: 1690470018.1724956
  start: 1690470018.1724784
