event_sleeping:
  end: 1690470018.0903919
  start: 1690470018.0903754
