event_sleeping:
  end: 1690470018.0655653
  start: 1690470018.0655494
