event_sleeping:
  end: 1690419510.3290377
  start: 1690419510.3289938
