event_sleeping:
  end: 1690419510.249692
  start: 1690419510.2496765
