event_sleeping:
  end: 1690419510.247354
  start: 1690419510.247305
