event_sleeping:
  end: 1690419510.2524977
  start: 1690419510.2524796
