event_sleeping:
  end: 1690419510.2477484
  start: 1690419510.2475336
