event_sleeping:
  end: 1690419510.2480748
  start: 1690419510.2480571
