event_sleeping:
  end: 1690419510.3149831
  start: 1690419510.3149574
