event_sleeping:
  end: 1690419510.251794
  start: 1690419510.2517638
