event_sleeping:
  end: 1690419510.3632536
  start: 1690419510.363226
