event_sleeping:
  end: 1690419510.250988
  start: 1690419510.2509568
