event_sleeping:
  end: 1690419510.3455718
  start: 1690419510.3455381
