event_uptime:
  end: 1690571108.6552973
  start: 1690571040.054303
