event_sleeping:
  end: 1690571040.0523145
  start: 1690571040.0522914
