event_sleeping:
  end: 1690571040.052504
  start: 1690571040.0524921
