event_uptime:
  end: 1690571052.0920396
  start: 1690571040.0657716
