event_uptime:
  end: 1690571071.6600335
  start: 1690571040.069853
