event_sleeping:
  end: 1690571040.052583
  start: 1690571040.0525763
