event_sleeping:
  end: 1690317933.6264663
  start: 1690317933.626464
