event_sleeping:
  end: 1690317933.6267078
  start: 1690317933.6267045
