event_sleeping:
  end: 1690317933.6262136
  start: 1690317933.6262116
