event_sleeping:
  end: 1690317933.6276844
  start: 1690317933.6276803
