event_sleeping:
  end: 1690317933.6281567
  start: 1690317933.6281545
