event_sleeping:
  end: 1690317933.6280558
  start: 1690317933.6280522
