event_sleeping:
  end: 1690305674.8041244
  start: 1690305674.8041198
