event_sleeping:
  end: 1690305674.7907372
  start: 1690305674.7907288
