event_sleeping:
  end: 1690305674.765224
  start: 1690305674.7652202
