event_sleeping:
  end: 1690305674.814334
  start: 1690305674.814328
