event_sleeping:
  end: 1690305674.7727652
  start: 1690305674.772759
