event_sleeping:
  end: 1690305674.8042905
  start: 1690305674.8042889
