event_sleeping:
  end: 1690305674.7687585
  start: 1690305674.7687542
