event_sleeping:
  end: 1690305674.814069
  start: 1690305674.8140533
