event_sleeping:
  end: 1690305674.7647965
  start: 1690305674.764793
