event_sleeping:
  end: 1690305674.797712
  start: 1690305674.7977068
