event_sleeping:
  end: 1690305674.80279
  start: 1690305674.8027835
