event_sleeping:
  end: 1690305674.7645159
  start: 1690305674.7645118
