event_sleeping:
  end: 1690305674.80651
  start: 1690305674.804898
