event_sleeping:
  end: 1690305674.7649856
  start: 1690305674.7649817
