event_sleeping:
  end: 1690305674.7717168
  start: 1690305674.771703
