event_sleeping:
  end: 1690305674.8144412
  start: 1690305674.8144374
