event_sleeping:
  end: 1690305674.7832162
  start: 1690305674.7832084
