event_sleeping:
  end: 1690305674.8039458
  start: 1690305674.8039417
