event_sleeping:
  end: 1690305674.7659783
  start: 1690305674.7659745
