event_sleeping:
  end: 1690305674.816697
  start: 1690305674.8166912
