event_sleeping:
  end: 1690305674.8118527
  start: 1690305674.8118432
