event_sleeping:
  end: 1690305674.7803857
  start: 1690305674.7803812
