event_sleeping:
  end: 1690305674.8096032
  start: 1690305674.8095987
