event_sleeping:
  end: 1690305674.8042126
  start: 1690305674.8042083
