event_sleeping:
  end: 1690305674.7661126
  start: 1690305674.765429
