event_sleeping:
  end: 1690305674.8206453
  start: 1690305674.8206415
