event_sleeping:
  end: 1690323152.2732656
  start: 1690323152.273261
