event_sleeping:
  end: 1690323152.3352501
  start: 1690323152.3352454
