event_sleeping:
  end: 1690323152.254814
  start: 1690323152.2548099
