event_sleeping:
  end: 1690323152.2404506
  start: 1690323152.2404468
