event_sleeping:
  end: 1690323152.3426363
  start: 1690323152.3426328
