event_sleeping:
  end: 1690323152.3241107
  start: 1690323152.3241067
