event_sleeping:
  end: 1690323152.3422205
  start: 1690323152.342217
