event_sleeping:
  end: 1690323152.245968
  start: 1690323152.2459643
