event_sleeping:
  end: 1690323152.329135
  start: 1690323152.3291306
