event_sleeping:
  end: 1690323152.289592
  start: 1690323152.2895882
