event_sleeping:
  end: 1690323152.318222
  start: 1690323152.3181524
