event_sleeping:
  end: 1690323152.3321362
  start: 1690323152.3321266
