event_sleeping:
  end: 1690323152.2401595
  start: 1690323152.2401555
