event_sleeping:
  end: 1690323152.2942743
  start: 1690323152.29427
