event_sleeping:
  end: 1690323152.3069115
  start: 1690323152.3069072
