event_sleeping:
  end: 1690323152.329444
  start: 1690323152.3294394
