event_sleeping:
  end: 1690323152.2554872
  start: 1690323152.2554836
