event_sleeping:
  end: 1690323152.2439153
  start: 1690323152.2439115
