event_sleeping:
  end: 1690323152.252178
  start: 1690323152.2521741
