event_sleeping:
  end: 1690323152.3403647
  start: 1690323152.340359
