event_sleeping:
  end: 1690323152.2453327
  start: 1690323152.2453284
