event_sleeping:
  end: 1690323152.2531226
  start: 1690323152.2531183
