event_sleeping:
  end: 1690323152.317148
  start: 1690323152.317141
