event_sleeping:
  end: 1690323152.2897186
  start: 1690323152.289715
