event_sleeping:
  end: 1690323152.3223965
  start: 1690323152.3223915
