event_sleeping:
  end: 1690323152.2552066
  start: 1690323152.2552018
