event_sleeping:
  end: 1690323152.352996
  start: 1690323152.352992
