event_sleeping:
  end: 1690323152.3362033
  start: 1690323152.3361995
