event_sleeping:
  end: 1690323152.2398367
  start: 1690323152.2398343
