event_sleeping:
  end: 1690323152.3295588
  start: 1690323152.3295543
