event_sleeping:
  end: 1690323152.2410152
  start: 1690323152.2410114
