event_sleeping:
  end: 1690323152.289119
  start: 1690323152.2891145
