event_sleeping:
  end: 1690323152.3378057
  start: 1690323152.337802
