event_sleeping:
  end: 1690323152.3525908
  start: 1690323152.3525846
