event_sleeping:
  end: 1690323152.3293417
  start: 1690323152.3293374
