event_sleeping:
  end: 1690323152.2525918
  start: 1690323152.2525876
