event_sleeping:
  end: 1690323152.2620301
  start: 1690323152.2620258
