event_sleeping:
  end: 1690323152.2468035
  start: 1690323152.2467995
