event_sleeping:
  end: 1690323152.3174117
  start: 1690323152.3174074
