event_sleeping:
  end: 1690323152.3066242
  start: 1690323152.30662
