event_sleeping:
  end: 1690323152.3298137
  start: 1690323152.3298085
