event_sleeping:
  end: 1690323152.2875361
  start: 1690323152.2875316
