event_sleeping:
  end: 1690323152.3065283
  start: 1690323152.302778
