event_sleeping:
  end: 1690323152.3280005
  start: 1690323152.327996
