event_sleeping:
  end: 1690323152.2504735
  start: 1690323152.250468
