event_sleeping:
  end: 1690323152.3375938
  start: 1690323152.3375897
