event_sleeping:
  end: 1690323152.2608366
  start: 1690323152.2608306
