event_sleeping:
  end: 1690323152.3169074
  start: 1690323152.3169036
