event_sleeping:
  end: 1690323152.2421846
  start: 1690323152.2421803
