event_sleeping:
  end: 1690323152.3172925
  start: 1690323152.317288
