event_sleeping:
  end: 1690323152.329692
  start: 1690323152.3296576
