event_sleeping:
  end: 1690313297.0755548
  start: 1690313297.0755522
