event_uptime:
  end: 1690313368.555661
  start: 1690313297.0777175
