event_sleeping:
  end: 1690313297.078291
  start: 1690313297.0782874
