event_uptime:
  end: 1690313720.0507534
  start: 1690313297.0871425
