event_sleeping:
  end: 1690313297.0763185
  start: 1690313297.0763164
