event_uptime:
  end: 1690313720.1404226
  start: 1690313297.0849826
