event_sleeping:
  end: 1690313297.07602
  start: 1690313297.0760179
