event_uptime:
  end: 1690313856.1526263
  start: 1690313297.087816
