event_uptime:
  end: 1690313856.1878948
  start: 1690313297.08227
