event_sleeping:
  end: 1690313297.0779161
  start: 1690313297.0779123
