event_uptime:
  end: 1690313615.784194
  start: 1690313297.078351
