event_sleeping:
  end: 1690313297.0766132
  start: 1690313297.0766098
