event_uptime:
  end: 1690313615.6726224
  start: 1690313297.0848858
