event_sleeping:
  end: 1690313297.0758114
  start: 1690313297.0758092
