event_sleeping:
  end: 1690425632.7234573
  start: 1690425632.7234437
