event_sleeping:
  end: 1690425632.7292233
  start: 1690425632.729209
