event_sleeping:
  end: 1690425632.726364
  start: 1690425632.7263515
