event_sleeping:
  end: 1690425632.7238421
  start: 1690425632.7238286
