event_sleeping:
  end: 1690425632.7303421
  start: 1690425632.7303286
