event_sleeping:
  end: 1690425632.72855
  start: 1690425632.7285345
