event_sleeping:
  end: 1690425632.7280488
  start: 1690425632.7278254
