event_sleeping:
  end: 1690425632.7266233
  start: 1690425632.7266111
