event_sleeping:
  end: 1690425632.7548976
  start: 1690425632.7548792
