event_sleeping:
  end: 1690425632.728297
  start: 1690425632.7282767
