event_sleeping:
  end: 1690425632.756351
  start: 1690425632.7563353
