event_sleeping:
  end: 1690538460.686831
  start: 1690538460.6868076
