event_sleeping:
  end: 1690538461.0491858
  start: 1690538461.0491714
