event_sleeping:
  end: 1690538460.076234
  start: 1690538460.0762193
