event_sleeping:
  end: 1690538460.998209
  start: 1690538460.9981909
