event_sleeping:
  end: 1690538460.2858088
  start: 1690538460.2857852
