event_sleeping:
  end: 1690538460.9670858
  start: 1690538460.9670658
