event_sleeping:
  end: 1690538460.7353644
  start: 1690538460.7353384
