event_sleeping:
  end: 1690538460.202773
  start: 1690538460.2027059
