event_sleeping:
  end: 1690538460.3479502
  start: 1690538460.3479345
