event_sleeping:
  end: 1690538460.3841476
  start: 1690538460.3841336
