event_sleeping:
  end: 1690538460.082291
  start: 1690538460.082273
