event_sleeping:
  end: 1690538460.874414
  start: 1690538460.8743975
