event_sleeping:
  end: 1690538460.8472362
  start: 1690538460.847221
