event_sleeping:
  end: 1690538460.510173
  start: 1690538460.5101323
