event_sleeping:
  end: 1690538460.4119027
  start: 1690538460.411889
