event_sleeping:
  end: 1690538460.6419942
  start: 1690538460.641939
