event_sleeping:
  end: 1690538460.850216
  start: 1690538460.850203
