event_sleeping:
  end: 1690538460.9250169
  start: 1690538460.925004
