event_sleeping:
  end: 1690538460.7597303
  start: 1690538460.7597127
