event_sleeping:
  end: 1690538460.0765338
  start: 1690538460.0765183
