event_sleeping:
  end: 1690538460.714362
  start: 1690538460.714343
