event_sleeping:
  end: 1690538460.969574
  start: 1690538460.9695609
