event_sleeping:
  end: 1690538460.3537667
  start: 1690538460.3537526
