event_sleeping:
  end: 1690538460.0771062
  start: 1690538460.0770872
