event_sleeping:
  end: 1690538460.5044062
  start: 1690538460.5043879
