event_sleeping:
  end: 1690538461.048741
  start: 1690538461.0487232
