event_sleeping:
  end: 1690538460.2852745
  start: 1690538460.2852604
