event_sleeping:
  end: 1690538460.088545
  start: 1690538460.088529
