event_sleeping:
  end: 1690538460.3524969
  start: 1690538460.3524795
