event_sleeping:
  end: 1690538460.4111617
  start: 1690538460.4111462
