event_sleeping:
  end: 1690538461.089579
  start: 1690538461.0895627
