event_sleeping:
  end: 1690538460.4371097
  start: 1690538460.4370959
