event_sleeping:
  end: 1690538460.0759904
  start: 1690538460.0759726
