event_sleeping:
  end: 1690538460.6637423
  start: 1690538460.6637237
