event_sleeping:
  end: 1690538460.0828447
  start: 1690538460.0828323
