event_sleeping:
  end: 1690538460.4107661
  start: 1690538460.4107482
