event_sleeping:
  end: 1690538460.899107
  start: 1690538460.8990896
