event_sleeping:
  end: 1690538460.7572167
  start: 1690538460.7572029
