event_sleeping:
  end: 1690538460.356894
  start: 1690538460.35688
