event_sleeping:
  end: 1690538460.5410118
  start: 1690538460.5409877
