event_sleeping:
  end: 1690538460.079735
  start: 1690538460.0797167
