event_sleeping:
  end: 1690538460.9252827
  start: 1690538460.9252694
