event_sleeping:
  end: 1690538460.9978287
  start: 1690538460.9978168
