event_sleeping:
  end: 1690538460.1813023
  start: 1690538460.1812882
