event_sleeping:
  end: 1690538460.8432302
  start: 1690538460.8431923
