event_sleeping:
  end: 1690538460.2870975
  start: 1690538460.287084
