event_sleeping:
  end: 1690538460.870728
  start: 1690538460.8707004
