event_sleeping:
  end: 1690538461.1121202
  start: 1690538461.1121037
