event_sleeping:
  end: 1690538460.4120414
  start: 1690538460.4115264
