event_sleeping:
  end: 1690538461.0254757
  start: 1690538461.0254629
