event_sleeping:
  end: 1690538460.355099
  start: 1690538460.355084
