event_sleeping:
  end: 1690538460.9684513
  start: 1690538460.9684384
