event_sleeping:
  end: 1690538460.7592251
  start: 1690538460.7592106
