event_sleeping:
  end: 1690538460.5713294
  start: 1690538460.5713117
