event_sleeping:
  end: 1690538460.0870743
  start: 1690538460.0870602
