event_sleeping:
  end: 1690538460.967334
  start: 1690538460.967319
