event_sleeping:
  end: 1690538460.0835357
  start: 1690538460.0835223
