event_sleeping:
  end: 1690538460.3455834
  start: 1690538460.3121855
