event_sleeping:
  end: 1690538460.2625878
  start: 1690538460.2625709
