event_sleeping:
  end: 1690538460.7098234
  start: 1690538460.709804
