event_sleeping:
  end: 1690538460.4643986
  start: 1690538460.4643714
