event_sleeping:
  end: 1690538461.1078718
  start: 1690538461.1078465
