event_sleeping:
  end: 1690538460.5452275
  start: 1690538460.5452135
