event_sleeping:
  end: 1690538460.9668198
  start: 1690538460.9668074
