event_sleeping:
  end: 1690538460.8476357
  start: 1690538460.8476167
