event_sleeping:
  end: 1690538460.2407417
  start: 1690538460.2407284
