event_sleeping:
  end: 1690538461.0238612
  start: 1690538461.023844
