event_sleeping:
  end: 1690538460.3582475
  start: 1690538460.3582284
