event_sleeping:
  end: 1690538460.3853512
  start: 1690538460.3853338
