event_sleeping:
  end: 1690538460.0795655
  start: 1690538460.0795364
