event_sleeping:
  end: 1690538460.759036
  start: 1690538460.759019
