event_sleeping:
  end: 1690538460.9237347
  start: 1690538460.9237213
