event_sleeping:
  end: 1690538460.078908
  start: 1690538460.0788875
