event_sleeping:
  end: 1690538460.288052
  start: 1690538460.288037
