event_sleeping:
  end: 1690538460.689793
  start: 1690538460.689778
