event_sleeping:
  end: 1690472209.1150103
  start: 1690472209.1149967
