event_sleeping:
  end: 1690472209.1146355
  start: 1690472209.1146216
