event_sleeping:
  end: 1690472209.1223617
  start: 1690472209.1223488
