event_sleeping:
  end: 1690472209.1444752
  start: 1690472209.1444614
