event_sleeping:
  end: 1690472209.1221154
  start: 1690472209.1218798
