event_sleeping:
  end: 1690472209.1201642
  start: 1690472209.120151
