event_sleeping:
  end: 1690472209.118894
  start: 1690472209.1188812
