event_sleeping:
  end: 1690472209.1179788
  start: 1690472209.1179667
