event_sleeping:
  end: 1690472209.156465
  start: 1690472209.1564217
