event_sleeping:
  end: 1690472209.1414442
  start: 1690472209.1414285
