event_sleeping:
  end: 1690472209.1559043
  start: 1690472209.1558664
