event_sleeping:
  end: 1690472209.114253
  start: 1690472209.1142259
