event_sleeping:
  end: 1690547477.7281299
  start: 1690547477.7281148
