event_sleeping:
  end: 1690547477.8050942
  start: 1690547477.8050816
