event_sleeping:
  end: 1690547477.7303164
  start: 1690547477.7290766
