event_sleeping:
  end: 1690547477.738393
  start: 1690547477.738374
