event_sleeping:
  end: 1690547477.878715
  start: 1690547477.8786895
