event_sleeping:
  end: 1690547477.8641694
  start: 1690547477.864143
