event_sleeping:
  end: 1690547477.7314665
  start: 1690547477.7314558
