event_sleeping:
  end: 1690547477.7370973
  start: 1690547477.737083
