event_sleeping:
  end: 1690547477.722944
  start: 1690547477.7229292
