event_sleeping:
  end: 1690547477.80445
  start: 1690547477.8044271
