event_sleeping:
  end: 1690547477.9238257
  start: 1690547477.9237568
