event_sleeping:
  end: 1690547477.8068547
  start: 1690547477.8068392
