event_sleeping:
  end: 1690547477.7260337
  start: 1690547477.7260194
