event_sleeping:
  end: 1690547477.7237387
  start: 1690547477.7237246
