event_sleeping:
  end: 1690547477.73419
  start: 1690547477.734179
