event_sleeping:
  end: 1690547477.826974
  start: 1690547477.8269598
