event_sleeping:
  end: 1690547477.734065
  start: 1690547477.734051
