event_sleeping:
  end: 1690547477.767665
  start: 1690547477.7676525
