event_sleeping:
  end: 1690547477.7349184
  start: 1690547477.7349045
