event_sleeping:
  end: 1690547477.8620677
  start: 1690547477.8619974
