event_sleeping:
  end: 1690547477.9428809
  start: 1690547477.9428647
