event_sleeping:
  end: 1690547477.765437
  start: 1690547477.7654223
