event_sleeping:
  end: 1690547477.7380178
  start: 1690547477.7380004
