event_sleeping:
  end: 1690547477.9435964
  start: 1690547477.943578
