event_sleeping:
  end: 1690547477.7323844
  start: 1690547477.732364
