event_sleeping:
  end: 1690547477.8264484
  start: 1690547477.826431
