event_uptime:
  end: 1690315077.6035829
  start: 1690315006.2127836
