event_sleeping:
  end: 1690315006.2093527
  start: 1690315006.2093506
