event_uptime:
  end: 1690315429.176857
  start: 1690315006.2147746
