event_sleeping:
  end: 1690315006.2111251
  start: 1690315006.2111235
