event_uptime:
  end: 1690315565.230596
  start: 1690315006.2155128
