event_sleeping:
  end: 1690315006.2110078
  start: 1690315006.2110057
