event_sleeping:
  end: 1690315006.2107139
  start: 1690315006.2107117
