event_uptime:
  end: 1690315324.6195207
  start: 1690315006.212669
