event_sleeping:
  end: 1690474635.7768002
  start: 1690474635.7763586
