event_sleeping:
  end: 1690474635.7776105
  start: 1690474635.7775977
