event_sleeping:
  end: 1690474635.7786286
  start: 1690474635.778616
