event_sleeping:
  end: 1690474635.7793202
  start: 1690474635.779305
