event_sleeping:
  end: 1690474635.781134
  start: 1690474635.7811205
