event_sleeping:
  end: 1690474635.780666
  start: 1690474635.7806528
