event_sleeping:
  end: 1690470125.4976614
  start: 1690470125.4967468
