event_sleeping:
  end: 1690470125.555058
  start: 1690470125.5550437
