event_sleeping:
  end: 1690470125.4953277
  start: 1690470125.495299
