event_sleeping:
  end: 1690470125.5489569
  start: 1690470125.548921
