event_sleeping:
  end: 1690470125.5316896
  start: 1690470125.5316749
