event_sleeping:
  end: 1690470125.4870498
  start: 1690470125.487015
