event_sleeping:
  end: 1690470125.6818447
  start: 1690470125.6818202
