event_sleeping:
  end: 1690470125.5870085
  start: 1690470125.586175
