event_sleeping:
  end: 1690470125.4968693
  start: 1690470125.4968557
