event_sleeping:
  end: 1690470125.6225233
  start: 1690470125.6224792
