event_sleeping:
  end: 1690470125.6999707
  start: 1690470125.6999507
