event_sleeping:
  end: 1690470125.4913182
  start: 1690470125.4912977
