event_sleeping:
  end: 1690470125.5336611
  start: 1690470125.5336373
