event_sleeping:
  end: 1690470125.4919462
  start: 1690470125.4914536
