event_sleeping:
  end: 1690470125.4950426
  start: 1690470125.4940226
