event_sleeping:
  end: 1690470125.5858214
  start: 1690470125.5857852
