event_sleeping:
  end: 1690470125.5256805
  start: 1690470125.525649
