event_sleeping:
  end: 1690470125.6809044
  start: 1690470125.6808848
