event_sleeping:
  end: 1690470125.623067
  start: 1690470125.6230419
