event_sleeping:
  end: 1690470125.5548034
  start: 1690470125.5547829
