event_sleeping:
  end: 1690470125.4877522
  start: 1690470125.4877377
