event_uptime:
  end: 1690433817.7905784
  start: 1690433749.9985247
