event_sleeping:
  end: 1690433749.9733279
  start: 1690433749.9733105
