event_uptime:
  end: 1690434154.1820138
  start: 1690433749.9701977
