event_sleeping:
  end: 1690433750.372413
  start: 1690433750.3724003
