event_sleeping:
  end: 1690433750.0457346
  start: 1690433750.045701
