event_uptime:
  end: 1690434154.0387764
  start: 1690433750.1709235
