event_uptime:
  end: 1690434153.9961383
  start: 1690433750.2532642
