event_sleeping:
  end: 1690433749.9656756
  start: 1690433749.9656622
