event_uptime:
  end: 1690434154.1101484
  start: 1690433749.977848
