event_uptime:
  end: 1690434154.1261053
  start: 1690433750.1953125
