event_sleeping:
  end: 1690433749.966309
  start: 1690433749.9662943
