event_sleeping:
  end: 1690433750.236307
  start: 1690433750.2362905
