event_sleeping:
  end: 1690433750.3719451
  start: 1690433750.3719313
