event_uptime:
  end: 1690434154.155246
  start: 1690433750.3938055
