event_sleeping:
  end: 1690433750.2568862
  start: 1690433750.2568731
