event_uptime:
  end: 1690434154.170497
  start: 1690433750.3759272
