event_sleeping:
  end: 1690433750.1188362
  start: 1690433750.1188223
