event_sleeping:
  end: 1690433750.191948
  start: 1690433750.1919248
