event_uptime:
  end: 1690434154.1615255
  start: 1690433750.2789328
