event_uptime:
  end: 1690434154.08246
  start: 1690433750.0697327
