event_uptime:
  end: 1690434154.1024387
  start: 1690433749.97006
