event_sleeping:
  end: 1690433749.974905
  start: 1690433749.9748847
