event_sleeping:
  end: 1690433750.1906598
  start: 1690433750.1906283
