event_sleeping:
  end: 1690433750.2973933
  start: 1690433750.2973757
