event_uptime:
  end: 1690434290.0591698
  start: 1690433750.0904093
