event_sleeping:
  end: 1690433750.0509422
  start: 1690433750.0509274
