event_uptime:
  end: 1690434290.1179154
  start: 1690433749.976171
