event_sleeping:
  end: 1690433750.2522247
  start: 1690433750.2521849
