event_sleeping:
  end: 1690433749.9743145
  start: 1690433749.9743009
