event_uptime:
  end: 1690434290.1981916
  start: 1690433750.2731678
