event_uptime:
  end: 1690434290.1789556
  start: 1690433750.2104855
