event_uptime:
  end: 1690434290.2062502
  start: 1690433750.3510942
