event_uptime:
  end: 1690434290.0732243
  start: 1690433750.2393088
