event_sleeping:
  end: 1690433750.2566624
  start: 1690433750.2566476
