event_sleeping:
  end: 1690433750.3747468
  start: 1690433750.3747349
