event_uptime:
  end: 1690434290.1297357
  start: 1690433749.9699028
