event_sleeping:
  end: 1690433749.9683142
  start: 1690433749.9682972
