event_sleeping:
  end: 1690433750.235886
  start: 1690433750.235867
