event_uptime:
  end: 1690434290.1427932
  start: 1690433750.2780948
