event_uptime:
  end: 1690434290.1657827
  start: 1690433750.41162
