event_uptime:
  end: 1690434290.1667874
  start: 1690433749.9711893
