event_uptime:
  end: 1690434053.3177857
  start: 1690433750.116495
