event_uptime:
  end: 1690434053.3109872
  start: 1690433750.195435
