event_uptime:
  end: 1690434053.3735585
  start: 1690433750.4160569
