event_sleeping:
  end: 1690433749.970494
  start: 1690433749.9704752
