event_uptime:
  end: 1690434053.2391162
  start: 1690433750.1949441
