event_sleeping:
  end: 1690433750.1896265
  start: 1690433750.1896083
