event_sleeping:
  end: 1690433750.0944052
  start: 1690433750.0943887
