event_sleeping:
  end: 1690433749.9769025
  start: 1690433749.9768856
