event_uptime:
  end: 1690434053.2904263
  start: 1690433749.9948359
