event_sleeping:
  end: 1690433749.9729257
  start: 1690433749.9729085
