event_sleeping:
  end: 1690433750.1469617
  start: 1690433750.1469433
