event_uptime:
  end: 1690434053.2700684
  start: 1690433749.9736173
