event_uptime:
  end: 1690434053.3573384
  start: 1690433750.3533354
