event_sleeping:
  end: 1690433749.9711359
  start: 1690433749.9711158
