event_sleeping:
  end: 1690433750.371042
  start: 1690433750.3710248
