event_uptime:
  end: 1690434053.3302708
  start: 1690433750.1872094
