event_uptime:
  end: 1690434053.2660916
  start: 1690433749.9733493
