event_uptime:
  end: 1690434053.3456745
  start: 1690433749.976938
