event_sleeping:
  end: 1690433750.2977457
  start: 1690433750.2977295
