event_sleeping:
  end: 1690433750.189208
  start: 1690433750.1891935
