event_sleeping:
  end: 1690418685.8593035
  start: 1690418685.859281
