event_sleeping:
  end: 1690418685.2602918
  start: 1690418685.2589655
