event_sleeping:
  end: 1690418685.4677455
  start: 1690418685.4677286
