event_sleeping:
  end: 1690418685.3584597
  start: 1690418685.3584433
