event_sleeping:
  end: 1690418685.398919
  start: 1690418685.3989038
