event_sleeping:
  end: 1690418685.6522193
  start: 1690418685.6522064
