event_sleeping:
  end: 1690418685.7495368
  start: 1690418685.749523
