event_sleeping:
  end: 1690418685.2543283
  start: 1690418685.2542899
