event_sleeping:
  end: 1690418685.5472133
  start: 1690418685.5471992
