event_sleeping:
  end: 1690418685.5956924
  start: 1690418685.5956736
