event_sleeping:
  end: 1690418685.5481894
  start: 1690418685.5481758
