event_sleeping:
  end: 1690418685.2569516
  start: 1690418685.2565958
