event_sleeping:
  end: 1690418685.7988565
  start: 1690418685.7988422
