event_sleeping:
  end: 1690418685.3022451
  start: 1690418685.302219
