event_sleeping:
  end: 1690418685.4727232
  start: 1690418685.4727073
