event_sleeping:
  end: 1690418685.397365
  start: 1690418685.397352
