event_sleeping:
  end: 1690418685.6283545
  start: 1690418685.6283364
