event_sleeping:
  end: 1690418685.2498252
  start: 1690418685.2498128
