event_sleeping:
  end: 1690418685.5742648
  start: 1690418685.5742466
