event_sleeping:
  end: 1690418685.8972437
  start: 1690418685.8956747
