event_sleeping:
  end: 1690418685.7814577
  start: 1690418685.7814426
