event_sleeping:
  end: 1690418685.4173334
  start: 1690418685.417319
