event_sleeping:
  end: 1690418685.3397903
  start: 1690418685.339777
