event_sleeping:
  end: 1690418685.3393455
  start: 1690418685.33933
