event_sleeping:
  end: 1690418685.5712607
  start: 1690418685.5712435
