event_sleeping:
  end: 1690418685.6725726
  start: 1690418685.6725566
