event_sleeping:
  end: 1690418685.249514
  start: 1690418685.2494802
