event_sleeping:
  end: 1690418685.2506802
  start: 1690418685.2506595
