event_sleeping:
  end: 1690418685.5270965
  start: 1690418685.5270827
