event_sleeping:
  end: 1690418685.6151307
  start: 1690418685.6151152
