event_sleeping:
  end: 1690418685.8952599
  start: 1690418685.895242
