event_sleeping:
  end: 1690418685.5453858
  start: 1690418685.5453706
