event_sleeping:
  end: 1690418685.5509372
  start: 1690418685.550923
