event_sleeping:
  end: 1690418685.3345191
  start: 1690418685.3344853
