event_sleeping:
  end: 1690418685.3415508
  start: 1690418685.3415294
