event_sleeping:
  end: 1690418685.7819097
  start: 1690418685.7818935
