event_sleeping:
  end: 1690418685.4894533
  start: 1690418685.4894335
