event_sleeping:
  end: 1690418685.7305248
  start: 1690418685.7305121
