event_sleeping:
  end: 1690418685.2826543
  start: 1690418685.2826264
