event_sleeping:
  end: 1690418685.6330304
  start: 1690418685.6330078
