event_sleeping:
  end: 1690418685.2811775
  start: 1690418685.2811623
