event_sleeping:
  end: 1690418685.258567
  start: 1690418685.2585404
