event_sleeping:
  end: 1690418685.5884454
  start: 1690418685.588371
