event_sleeping:
  end: 1690418685.4484367
  start: 1690418685.448395
