event_sleeping:
  end: 1690418685.5725718
  start: 1690418685.5725565
