event_sleeping:
  end: 1690418685.3944805
  start: 1690418685.3944654
