event_sleeping:
  end: 1690418685.8788838
  start: 1690418685.8788686
