event_sleeping:
  end: 1690418685.7979732
  start: 1690418685.7979567
