event_sleeping:
  end: 1690418685.6951115
  start: 1690418685.695097
