event_uptime:
  end: 1690565533.0593994
  start: 1690565465.9362407
