event_sleeping:
  end: 1690565465.9312027
  start: 1690565465.9311821
