event_uptime:
  end: 1690565869.5057678
  start: 1690565466.0771065
