event_uptime:
  end: 1690565869.4467578
  start: 1690565465.9336622
