event_sleeping:
  end: 1690565465.9983668
  start: 1690565465.9983532
