event_uptime:
  end: 1690565869.4786916
  start: 1690565466.0142858
