event_sleeping:
  end: 1690565465.9307375
  start: 1690565465.9294043
