event_sleeping:
  end: 1690565466.0605912
  start: 1690565466.060575
