event_uptime:
  end: 1690565869.4128006
  start: 1690565465.941199
