event_sleeping:
  end: 1690565465.9349027
  start: 1690565465.9348843
