event_sleeping:
  end: 1690565465.9362032
  start: 1690565465.9361875
