event_uptime:
  end: 1690565869.465424
  start: 1690565465.9377923
