event_sleeping:
  end: 1690565466.0208085
  start: 1690565466.0207949
