event_uptime:
  end: 1690566005.554667
  start: 1690565465.993432
