event_uptime:
  end: 1690566005.5390987
  start: 1690565466.0799372
