event_sleeping:
  end: 1690565465.9277544
  start: 1690565465.9277413
