event_sleeping:
  end: 1690565465.9358008
  start: 1690565465.9353104
