event_uptime:
  end: 1690566005.4608653
  start: 1690565465.939346
