event_uptime:
  end: 1690566005.562859
  start: 1690565465.9643457
