event_sleeping:
  end: 1690565465.9646187
  start: 1690565465.9645998
