event_uptime:
  end: 1690566005.5781083
  start: 1690565465.9315245
