event_sleeping:
  end: 1690565465.938479
  start: 1690565465.938465
