event_uptime:
  end: 1690565768.646638
  start: 1690565465.963412
