event_sleeping:
  end: 1690565465.9391265
  start: 1690565465.9391124
