event_sleeping:
  end: 1690565465.9308836
  start: 1690565465.9308634
