event_uptime:
  end: 1690565768.6726298
  start: 1690565466.0203853
