event_sleeping:
  end: 1690565465.9359562
  start: 1690565465.9359388
