event_uptime:
  end: 1690565768.6723626
  start: 1690565465.9353378
