event_sleeping:
  end: 1690565465.9314942
  start: 1690565465.9314783
