event_uptime:
  end: 1690565768.6404033
  start: 1690565465.9603047
