event_uptime:
  end: 1690565768.7107084
  start: 1690565465.9344368
