event_sleeping:
  end: 1690565465.9992292
  start: 1690565465.9992151
