event_uptime:
  end: 1690324947.7277033
  start: 1690324880.2189527
