event_sleeping:
  end: 1690324880.216136
  start: 1690324880.2161324
