event_uptime:
  end: 1690325283.9091713
  start: 1690324880.228058
