event_uptime:
  end: 1690325283.98773
  start: 1690324880.2188609
