event_sleeping:
  end: 1690324880.2558513
  start: 1690324880.2558453
