event_sleeping:
  end: 1690324880.2768433
  start: 1690324880.2768326
