event_sleeping:
  end: 1690324880.24186
  start: 1690324880.2418559
