event_uptime:
  end: 1690325283.9741552
  start: 1690324880.2776732
