event_sleeping:
  end: 1690324880.2320101
  start: 1690324880.2320063
