event_sleeping:
  end: 1690324880.222005
  start: 1690324880.2220013
