event_sleeping:
  end: 1690324880.2727754
  start: 1690324880.2727711
