event_uptime:
  end: 1690325283.9540257
  start: 1690324880.269456
