event_uptime:
  end: 1690325283.9097352
  start: 1690324880.2236564
