event_uptime:
  end: 1690325283.9449794
  start: 1690324880.2593389
