event_sleeping:
  end: 1690324880.2490804
  start: 1690324880.249076
