event_sleeping:
  end: 1690324880.2164001
  start: 1690324880.2163963
