event_uptime:
  end: 1690325283.984625
  start: 1690324880.2542236
