event_uptime:
  end: 1690325283.9820065
  start: 1690324880.235471
