event_uptime:
  end: 1690325283.9092364
  start: 1690324880.283157
