event_uptime:
  end: 1690325283.9509854
  start: 1690324880.2478402
