event_sleeping:
  end: 1690324880.2217543
  start: 1690324880.2217507
