event_uptime:
  end: 1690325420.0803537
  start: 1690324880.2518964
