event_uptime:
  end: 1690325420.0202982
  start: 1690324880.2656832
