event_sleeping:
  end: 1690324880.2201073
  start: 1690324880.2201035
