event_sleeping:
  end: 1690324880.2401285
  start: 1690324880.240122
