event_uptime:
  end: 1690325420.0189173
  start: 1690324880.2774227
