event_sleeping:
  end: 1690324880.222756
  start: 1690324880.2227519
