event_sleeping:
  end: 1690324880.2735426
  start: 1690324880.2735384
