event_uptime:
  end: 1690325420.0782619
  start: 1690324880.2250702
