event_uptime:
  end: 1690325420.075393
  start: 1690324880.2286813
