event_sleeping:
  end: 1690324880.261714
  start: 1690324880.2617078
