event_uptime:
  end: 1690325420.0980906
  start: 1690324880.2745526
