event_sleeping:
  end: 1690324880.2489097
  start: 1690324880.2489054
