event_sleeping:
  end: 1690324880.2197282
  start: 1690324880.2197247
