event_uptime:
  end: 1690325420.0378842
  start: 1690324880.244341
