event_uptime:
  end: 1690325419.9950435
  start: 1690324880.2215805
