event_sleeping:
  end: 1690324880.2237449
  start: 1690324880.2237406
