event_sleeping:
  end: 1690324880.2518096
  start: 1690324880.251797
