event_sleeping:
  end: 1690324880.2719278
  start: 1690324880.271919
