event_uptime:
  end: 1690325420.0188599
  start: 1690324880.2559104
