event_uptime:
  end: 1690325420.0007522
  start: 1690324880.221827
