event_uptime:
  end: 1690325183.175721
  start: 1690324880.2205498
