event_uptime:
  end: 1690325183.1743436
  start: 1690324880.2201176
