event_uptime:
  end: 1690325183.2336426
  start: 1690324880.226986
