event_uptime:
  end: 1690325183.1856496
  start: 1690324880.2538688
