event_sleeping:
  end: 1690324880.216793
  start: 1690324880.2167892
