event_sleeping:
  end: 1690324880.2169309
  start: 1690324880.2169273
