event_uptime:
  end: 1690325183.217207
  start: 1690324880.235689
