event_uptime:
  end: 1690325183.1616843
  start: 1690324880.2200203
