event_sleeping:
  end: 1690324880.2306612
  start: 1690324880.2306547
