event_sleeping:
  end: 1690324880.2628713
  start: 1690324880.2628672
