event_sleeping:
  end: 1690324880.223072
  start: 1690324880.2230685
