event_uptime:
  end: 1690325183.188752
  start: 1690324880.2661178
