event_sleeping:
  end: 1690324880.2661057
  start: 1690324880.2661018
