event_uptime:
  end: 1690325183.2381258
  start: 1690324880.2533023
