event_sleeping:
  end: 1690324880.2492256
  start: 1690324880.2492213
