event_sleeping:
  end: 1690324880.2179596
  start: 1690324880.2179556
