event_sleeping:
  end: 1690324880.2474213
  start: 1690324880.247415
