event_sleeping:
  end: 1690324880.2741027
  start: 1690324880.2740989
