event_uptime:
  end: 1690325183.2666492
  start: 1690324880.27205
