event_uptime:
  end: 1690325183.1823895
  start: 1690324880.2770002
