event_sleeping:
  end: 1690596288.6122746
  start: 1690596288.6122553
