event_sleeping:
  end: 1690596288.6117215
  start: 1690596288.611709
