event_sleeping:
  end: 1690596288.6123643
  start: 1690596288.612357
