event_sleeping:
  end: 1690596288.6118631
  start: 1690596288.6118567
