event_sleeping:
  end: 1690318384.2927117
  start: 1690318384.292704
