event_sleeping:
  end: 1690318384.2944026
  start: 1690318384.2943988
