event_sleeping:
  end: 1690318384.28793
  start: 1690318384.2879217
