event_sleeping:
  end: 1690318384.3097086
  start: 1690318384.3097048
