event_sleeping:
  end: 1690318384.303715
  start: 1690318384.3037114
