event_sleeping:
  end: 1690318384.2944992
  start: 1690318384.2944956
