event_sleeping:
  end: 1690318384.2746432
  start: 1690318384.274641
