event_sleeping:
  end: 1690318384.3103416
  start: 1690318384.3103375
