event_sleeping:
  end: 1690318384.2857656
  start: 1690318384.2857602
