event_sleeping:
  end: 1690318384.2771866
  start: 1690318384.2771811
