event_sleeping:
  end: 1690318384.3102365
  start: 1690318384.3102312
