event_sleeping:
  end: 1690318384.2907798
  start: 1690318384.290776
