event_sleeping:
  end: 1690318384.272733
  start: 1690318384.2727308
