event_sleeping:
  end: 1690318384.278086
  start: 1690318384.2780805
