event_sleeping:
  end: 1690318384.2896898
  start: 1690318384.2896857
