event_sleeping:
  end: 1690318384.2861207
  start: 1690318384.2861166
