event_sleeping:
  end: 1690318384.3090544
  start: 1690318384.3090491
