event_sleeping:
  end: 1690318384.2796235
  start: 1690318384.2796197
