event_sleeping:
  end: 1690318384.2791183
  start: 1690318384.2791145
