event_sleeping:
  end: 1690318384.3074596
  start: 1690318384.3074534
