event_sleeping:
  end: 1690318384.2840512
  start: 1690318384.2840292
