event_sleeping:
  end: 1690318384.3044262
  start: 1690318384.304422
