event_sleeping:
  end: 1690318384.3082933
  start: 1690318384.3082895
