event_sleeping:
  end: 1690318384.303151
  start: 1690318384.3031423
