event_sleeping:
  end: 1690318384.303649
  start: 1690318384.3036447
