event_sleeping:
  end: 1690472314.051106
  start: 1690472314.050883
