event_sleeping:
  end: 1690472314.049007
  start: 1690472314.0489917
