event_sleeping:
  end: 1690472314.051497
  start: 1690472314.0514796
