event_sleeping:
  end: 1690472314.051028
  start: 1690472314.0510137
