event_sleeping:
  end: 1690472314.0522368
  start: 1690472314.0522215
