event_sleeping:
  end: 1690472314.0511334
  start: 1690472314.050786
